975
7538
3649
6636
8050
4401
33
3677
7885
1465
2154
2855
2078
2730
169
2863
38
3800
5623
1406
3260
2783
3530
252
5317
3824
813
3407
3855
3063
1141
2611
4827
2364
2522
277
2941
1677
2004
8951
2170
6198
6088
2326
5033
3751
4322
1692
1688
3609
1451
295
4946
1473
24
2248
4051
214
2170
930
810
3163
6863
8420
1633
1218
1549
3214
2367
2282
2805
405
2859
212
7041
9313
384
3902
5514
263
3030
1114
6438
484
488
7208
1782
2890
3569
1932
5692
81
1072
1987
7952
4014
1629
65
4070
2069
863
7882
3037
392
3435
1380
3349
8655
708
3630
1215
5051
4127
2791
2535
1887
150
7236
259
669
3386
8027
6160
1339
227
3158
382
757
783
4146
4006
4488
5601
3265
53
414
703
1777
6380
6043
881
2603
939
1852
4556
2578
3560
6
2002
2182
7077
1501
415
1024
1865
1048
2669
22
6505
2876
10
1297
919
4215
736
2715
2579
1910
2881
1044
3154
5575
1270
809
7351
676
216
1019
1230
1806
874
984
3914
3145
2335
3063
5076
6968
502
2172
2527
1376
4030
332
7214
1003
387
3315
1760
4912
266
1484
2578
281
855
2950
317
2943
5282
2787
416
2162
52
2308
3168
1021
4984
2442
3870
94
1380
637
828
8467
4906
231
67
3982
5042
182
1878
3552
248
1193
3473
741
4838
3313
1098
6637
671
1767
5014
3112
2656
1521
394
656
703
1990
2737
1298
940
8505
2257
7175
3126
306
3873
3921
3305
5312
848
576
2033
1921
61
858
213
1720
908
1467
325
2811
1377
117
1254
2819
43
1840
29
1553
3363
3891
8533
3312
2525
170
1064
1268
1331
5716
2012
21
3231
696
1269
2351
1414
4002
2083
746
2235
2459
1293
5157
2729
1727
1595
1108
2000
15
1506
2750
388
1839
3938
2084
2872
4101
760
898
661
2199
159
304
1263
5916
715
3434
1549
2199
4342
819
1605
3923
1036
3739
3840
387
4760
1642
2508
1104
834
2956
316
212
940
1873
4060
4327
2715
603
856
183
2617
1222
3250
2400
7
41
512
4689
384
6203
3306
1422
4513
96
5385
847
4490
3795
4425
482
1434
4044
925
11
6850
3106
27
312
4990
2905
1807
5825
1322
1433
1751
4076
390
1833
6108
1263
2492
3055
2408
262
2709
825
7365
3243
2447
254
2697
173
5737
2832
408
2692
2837
23
4237
69
407
1114
887
804
4478
4967
1995
3013
1615
1071
2026
620
2197
2406
216
1213
527
2265
3136
1214
3968
210
828
1632
3448
2845
1285
5519
847
1159
2624
1078
4
4619
2032
241
6606
372
962
3664
14
3164
6916
873
1730
6942
1007
2863
115
7062
2177
4649
4295
1718
2275
4884
222
1563
2106
2332
1006
3935
1127
272
7884
1109
1399
4887
915
1993
453
400
192
5068
2100
201
5599
145
1693
945
4516
458
4429
326
87
1414
1856
300
1138
372
4460
229
175
5625
3931
756
1453
2697
956
716
391
1519
609
31
4181
910
387
428
1256
8030
4892
6680
5864
2306
1938
3660
78
9375
2605
5516
6122
2727
259
1383
1117
2236
5238
5028
2167
1879
3592
5443
6626
1435
1877
6513
181
5268
1911
6718
579
7388
3897
5723
6927
3472
425
2053
3029
82
1982
1492
778
5369
2325
6239
3344
796
2746
1493
3667
6242
288
1117
2326
5221
1641
77
1257
393
2079
5049
2115
1890
368
4116
7872
4585
2190
4917
4090
5556
2469
1197
1
206
1821
1353
419
1508
3778
7784
1456
2124
3875
610
5215
3777
5472
5079
2351
291
7143
3566
1588
8062
535
2173
386
207
555
1949
2590
172
2134
666
1069
4113
341
1064
330
5870
472
4494
3623
108
3981
7919
6847
1891
20
3608
246
1143
1608
34
1876
1007
732
23
2754
346
1004
602
494
1739
2377
222
5550
5244
3051
8659
2887
2520
4471
2085
9217
3988
575
6680
574
402
359
4223
2352
3925
1460
2844
4255
799
3137
3541
3160
308
450
1224
3484
1120
478
6622
1927
7460
4125
6369
6893
3451
265
6268
379
121
4136
1615
231
7269
40
34
3583
807
4861
3974
7085
326
8565
6809
2188
1872
744
2734
1388
1245
569
67
7487
5505
5011
556
7722
6676
936
810
489
3474
869
502
599
619
1744
1017
1884
516
3082
681
1159
477
170
957
469
323
5786
1231
5634
3578
44
790
2100
2077
1609
1472
5743
816
123
6640
2218
205
891
3674
3214
744
729
758
294
143
420
3389
3892
6063
2628
8563
3990
3197
933
712
320
3514
2926
3879
3960
146
112
589
3633
1450
441
418
1132
3519
425
7479
4610
1337
168
1670
6104
1042
864
3625
6033
3589
35
4793
4753
3610
442
194
439
2485
0
3500
2193
1211
1414
2429
817
6967
307
5791
2342
629
97
521
4135
2129
1561
7020
5815
8504
2531
429
1042
524
4487
2782
2364
183
7465
1340
2982
507
201
1134
3547
4391
66
4744
146
3213
103
672
808
1038
798
374
3172
4433
5305
3428
3693
4987
71
4446
4352
81
2296
2489
1869
3157
1108
9
4193
2003
1329
358
1024
3612
577
1295
1510
2249
2882
1622
2952
9253
3031
3995
3967
473
317
2162
8697
93
3197
3742
1346
1867
2853
3444
1537
6890
2883
3599
4000
38
1671
2132
2323
133
4215
320
326
742
1635
641
4302
5919
26
2522
718
1811
3519
1746
4540
1252
268
809
3391
1664
88
6447
1329
788
6081
599
1710
4543
4095
8188
418
4195
7197
5203
1548
528
6381
5095
1881
561
1336
1390
3807
293
218
5255
3748
2845
976
2572
4738
6512
1177
210
1019
6740
2988
587
4123
304
26
5796
3124
2527
845
1897
5076
2253
4223
2677
1021
2849
5475
722
773
4702
2262
7618
523
164
4388
6443
1548
60
5875
8025
1185
2906
7139
3874
1733
4736
7870
697
307
1448
6
1455
2625
782
4758
571
662
3588
2523
2412
5269
1098
1962
790
664
1872
323
3042
206
2378
3840
4565
244
1822
1587
3656
1123
278
8338
1968
359
8830
775
2744
385
4476
2994
2450
13
1169
17
2833
1065
281
318
1697
388
2652
2850
3062
538
2745
4158
1817
4090
1839
1266
1054
3286
6656
334
2007
344
9240
3361
912
4808
6342
4271
53
147
2700
551
2554
2164
4792
455
2173
2860
418
5787
779
6476
2257
1616
80
627
2718
5094
4072
1061
3650
1104
1584
23
7567
5624
184
1294
1665
2035
1850
2854
7003
628
2682
2738
4636
67
514
3071
8725
6860
357
3092
517
5133
25
2282
1110
78
6043
116
3421
761
1590
47
779
542
5080
169
1919
741
2410
187
662
5035
9
1407
3126
1110
459
7682
3384
22
1971
4528
767
5816
818
721
631
289
5855
1604
2333
2843
901
2461
1579
3099
2969
1719
250
1660
1963
1577
53
6016
233
1387
1796
2589
3606
5405
5440
151
2780
206
413
2578
2609
3355
8045
3156
5001
3268
6540
218
1237
7101
2504
3665
3284
74
2899
4
2039
3031
3259
564
5081
302
1846
798
5713
360
2826
125
180
1433
529
7869
1837
4628
77
5612
517
8234
2746
808
2716
63
3009
7885
4219
1444
3291
374
305
849
4708
233
388
159
4592
277
926
1856
2657
3895
3874
36
804
1370
2125
1921
5810
2277
3765
765
6588
82
2617
3376
719
2920
2149
5560
5536
312
4640
3578
239
106
3903
6446
8253
657
2847
1696
5924
136
2412
1210
5769
4305
469
643
55
1582
6593
206
2273
4299
9608
3113
943
1219
7905
6620
3745
1012
2733
7543
303
697
2185
875
1389
5289
1440
4894
1275
5342
1925
1303
2117
21
1
3587
1141
5736
2106
128
45
2570
8197
31
3696
546
5234
4898
4727
5942
42
3489
5378
1837
2975
1735
372
1999
4059
7623
1121
3033
7989
2249
3411
2368
2477
1825
2729
7596
6085
1022
31
141
778
1712
3060
6897
2058
6932
923
1248
1738
2753
4841
2845
3835
1280
3056
1830
1371
6866
943
8658
8156
624
1430
733
256
1584
1781
5249
1154
4936
306
269
46
4582
293
3753
3055
2183
790
874
655
1202
2366
3794
1209
3778
897
4447
1444
5332
470
4475
416
4206
3745
921
707
214
3211
500
7776
7089
89
2340
359
388
103
525
1859
631
24
1542
1021
2169
814
7142
7631
1089
3982
2087
245
7268
1058
3283
0
2279
2124
152
485
37
1793
815
750
1771
1699
2095
7874
3930
2490
3747
247
1440
0
4738
2662
3053
3120
1971
4319
2930
393
3618
1574
566
1470
1711
4549
503
3259
312
3414
7031
1348
1389
656
2559
1554
1220
867
6891
78
1460
1733
275
2089
1835
8
3369
3768
3845
482
135
2066
190
426
355
1460
219
606
238
287
3070
2409
1858
5977
179
4554
15
3039
1133
107
3012
2839
0
1001
317
7123
487
4941
1025
2694
1522
1809
1480
272
627
2184
23
4937
2632
2940
75
757
214
5392
4649
3206
454
1271
3567
1368
487
284
2791
4482
3604
177
4585
6393
6445
4579
529
1574
2592
147
3606
1402
3537
2656
3469
5192
3566
2851
1883
5530
541
314
6902
2724
398
6638
722
4734
1004
1879
3463
146
1659
1123
1109
7699
3414
1230
186
4079
1294
1355
950
7104
3741
1278
3130
644
407
2241
2522
1345
4651
241
5302
1422
248
2929
5485
4548
4056
7731
1336
7677
10
2426
355
2661
2729
5898
6059
250
2181
4080
428
8456
6842
1646
920
2744
4749
899
251
1549
6016
268
9272
153
5147
4485
1180
1109
332
257
3670
2449
5248
1870
2366
4832
2838
1854
1457
3502
1739
1923
6823
3802
1094
5342
2621
2312
4508
1602
6866
805
6414
547
74
18
6397
390
197
78
2169
1269
960
3728
1523
3170
3753
7293
938
333
5034
353
3035
3828
807
1674
2742
1793
3290
4078
115
3173
5162
2103
5746
801
1902
834
7694
3307
2764
5492
2399
149
7810
713
400
3383
2713
2737
2313
191
5025
1862
5227
72
8902
1386
611
249
1061
207
848
2281
654
3224
1577
3705
740
622
1510
194
611
312
8762
1065
427
6942
2680
44
8515
2724
316
398
2959
3398
543
1083
1945
2338
448
1988
953
3660
1934
452
6793
164
4397
1687
1338
3015
5
1111
2628
4178
3617
6090
4043
3983
3279
3615
1688
3226
6187
350
1075
3192
4920
458
3267
3517
4278
3305
1311
1054
1422
64
4719
1575
8700
3123
1187
6407
485
4345
2078
2358
6490
3176
843
7138
6703
6312
3254
2003
6431
2498
1831
904
5774
2281
482
329
786
2787
733
7769
207
521
4
1383
5554
4446
3025
5227
2478
182
1663
2866
241
2291
1765
6232
5600
1133
2257
6806
3530
73
659
744
2299
3722
5081
3383
1760
852
1232
2297
3299
2245
246
132
1114
7301
1315
36
2141
3680
3688
2107
601
2725
2957
770
2825
443
1848
5090
394
2245
4864
1231
228
244
2701
621
3555
2795
4664
1730
3506
145
2687
7697
2228
669
9151
3026
8019
263
5556
491
1746
4391
2573
1268
3985
7066
28
167
1521
3676
1744
7087
1274
5888
1634
1650
13
6256
1342
1743
109
2063
2217
40
2422
5376
193
6035
575
2815
42
1321
806
2623
331
2980
546
1329
1163
4498
3356
4682
4599
15
6685
721
3474
7041
6394
1745
237
2661
1230
83
391
1022
791
2234
81
47
4957
5553
7138
2502
5030
91
7959
4755
1765
3616
33
1532
88
68
25
94
4732
3112
985
712
709
1984
83
429
1118
4147
397
352
3508
2119
2778
3331
725
1528
6373
3758
2021
417
136
2295
1288
1770
196
2075
2036
474
1042
1260
1280
3581
106
8310
96
2288
4934
3535
1048
864
5028
1574
186
2134
1916
51
3366
768
320
1999
584
7421
2288
5986
9
350
5818
2653
1007
1701
5840
175
1676
514
1366
5830
825
3178
5528
1356
2484
2488
1868
2159
444
259
5210
1191
570
288
1938
2156
4763
4985
7372
2247
377
3751
2846
1466
330
2176
6549
4621
6118
4011
1451
3327
911
2201
713
100
777
6973
6918
862
129
3511
2284
760
3429
283
9
4037
4851
648
1289
3774
2592
693
33
6453
656
4383
1458
177
1180
2151
3871
1865
1362
258
4107
640
758
890
704
2279
58
626
285
2105
5143
453
517
1150
861
2599
3850
5712
200
8788
4399
1314
1820
6946
811
288
1358
1057
1543
6214
1805
3632
66
2537
2943
1943
5546
6578
15
2302
1623
16
6303
5073
658
1387
1011
1910
3081
4347
1579
235
8123
46
1789
351
1677
7422
2741
1693
171
8374
5219
3428
1939
8923
1098
3092
2820
972
3696
4
454
684
2909
74
260
871
1631
6009
3431
655
3234
4858
8966
1476
375
63
1074
5203
53
1228
222
6847
726
1173
339
610
803
6065
1209
6364
986
5192
1797
4898
5783
2578
2829
1160
4391
382
2126
1302
4704
7209
2755
908
41
5447
3289
2790
5364
6608
827
3952
6020
2606
126
1400
1003
179
208
1258
177
3409
6228
4261
2126
7173
7304
281
4463
3561
2597
7075
8699
1685
1073
3041
3759
3363
262
5248
9242
1847
586
4780
6422
481
951
5839
5931
2614
1692
659
954
3481
1117
3016
5657
3911
3275
1134
875
4528
825
2021
386
8728
2067
2013
2018
1262
294
625
3530
875
146
5433
38
2652
3779
167
877
2061
1809
554
375
5308
2916
8032
336
638
3126
1352
197
1473
1746
6176
663
7070
3433
822
130
2872
3434
3
3610
2600
1933
4617
2110
3170
1798
2456
822
616
2331
6604
638
815
244
6507
531
6577
6005
1629
3436
190
1273
4990
4519
1868
889
2214
4179
3016
2697
4313
9366
2188
795
4742
4390
650
426
4893
364
4663
2584
1748
2265
2147
2922
2569
6144
2552
3831
393
1276
187
14
3684
4789
1824
2670
1858
2134
242
4599
174
42
6532
4985
488
1310
3719
5906
1701
3769
132
2382
3275
6311
1929
2923
1167
712
1211
1751
5417
1226
2084
1164
1242
472
6449
4628
813
1331
215
759
3204
753
7074
216
8042
2343
420
1165
1553
2683
384
2407
299
6862
1155
688
102
4634
3218
142
6416
3622
1851
486
6784
1009
1848
4016
2273
6496
