525 3915
1 423 8803
2
2
1 229 2023
2
1 297 6571
1 99 161
1 220 2880
1 50 9612
1 74 682
2
2
2
2
2
1 101 2842
2
1 507 1595
1 392 5961
2
2
1 49 9453
2
1 305 6601
1 8 6083
2
2
1 510 6674
1 250 709
2
2
2
2
2
1 421 2755
1 457 9052
1 72 729
1 117 5039
1 465 8414
2
1 370 9426
1 78 9272
2
1 296 3332
1 281 1440
1 186 2212
2
1 57 9988
2
2
2
1 196 4832
1 201 2012
2
1 240 5698
2
1 72 9509
2
1 206 9118
2
1 284 6520
1 169 7838
1 356 3168
2
1 476 5056
2
1 420 4417
1 423 4731
1 181 3659
2
1 388 6714
2
1 352 6627
1 379 1510
1 199 7232
1 192 5834
1 258 2447
1 66 3492
2
2
2
1 293 9627
1 393 9406
1 406 660
1 249 2781
2
1 251 2181
1 326 5654
1 320 7196
2
2
1 179 1571
1 316 8302
1 170 53
2
2
2
2
1 338 5608
2
2
2
1 152 1487
2
1 346 7283
2
2
2
1 172 6478
1 12 218
1 511 4687
1 177 7757
1 307 8836
1 94 1966
1 113 4842
1 502 7732
2
1 296 7430
2
1 389 6694
1 110 8401
1 123 1574
1 78 7532
2
1 48 5828
1 2 1166
1 480 2350
1 480 7138
2
1 482 1761
1 486 7712
1 181 2735
2
2
1 162 7783
2
2
1 147 4917
1 28 4453
2
2
1 416 9989
2
2
2
2
1 268 4806
2
1 415 1996
1 449 1842
2
1 108 7564
1 34 84
1 497 6263
1 28 8794
2
1 44 6441
2
1 70 8568
2
1 503 751
1 476 1345
2
1 44 7101
1 51 9718
1 225 1738
1 387 8197
2
1 83 4547
1 418 3131
2
2
2
1 134 166
1 518 8147
2
2
1 17 467
1 304 944
1 439 7051
2
1 234 2642
1 329 8693
1 16 636
1 265 3123
2
1 72 9329
2
2
2
2
1 505 6991
1 482 5461
2
2
2
1 218 6260
2
1 455 4756
2
2
1 149 4982
2
1 96 657
2
2
1 224 1469
1 409 9414
1 194 1466
1 221 7672
2
1 411 9360
1 246 8988
2
2
1 447 1868
1 397 5545
1 107 8309
1 139 5816
1 316 2516
2
1 9 9473
1 137 2054
2
2
2
2
2
1 305 97
1 395 8103
2
1 406 3017
1 324 2158
2
2
1 114 7989
2
1 112 8974
2
2
2
1 224 7186
2
2
1 442 1143
1 204 6723
2
2
1 363 1741
1 109 6382
1 13 9241
1 417 1030
1 479 3775
2
2
1 354 6171
1 445 9633
1 390 497
2
2
1 100 7831
1 10 2807
1 502 47
2
2
1 276 3242
1 123 1035
2
1 359 9100
2
2
1 209 1649
1 105 8983
1 76 8289
1 31 5141
1 212 2798
2
1 501 1239
2
2
2
1 467 2359
1 478 7593
2
1 171 756
1 513 1095
1 105 6065
2
1 241 6186
1 81 6812
2
1 296 1855
2
1 61 2177
1 65 8048
2
2
2
1 140 4566
2
2
1 99 5878
2
1 352 9836
2
2
1 60 6096
2
2
2
1 330 6295
1 315 8836
2
2
1 277 7682
2
1 386 7041
1 454 3136
1 54 9766
1 474 4376
2
2
1 507 5951
2
1 236 6600
1 434 873
1 178 373
2
2
1 264 2633
1 60 4636
2
2
1 246 5487
1 62 2926
1 381 5144
2
1 286 1575
1 491 5620
2
1 121 5062
1 335 8402
1 45 8512
1 499 868
2
2
1 439 4879
2
1 89 5013
1 184 8755
2
1 420 1557
1 463 9955
2
1 427 7364
1 297 9537
1 385 7386
2
2
1 129 1171
2
1 289 6862
1 146 5661
1 187 1267
1 191 6943
2
2
2
2
2
2
1 151 8359
2
1 519 3833
1 230 1478
1 305 5977
2
1 369 1979
2
1 114 6756
2
1 260 8627
1 91 9722
1 13 7940
1 135 9090
1 182 9186
1 386 1683
1 112 4066
2
1 278 6901
2
1 442 2851
1 489 2251
1 6 7278
2
1 193 765
1 523 1657
2
2
1 215 7413
1 195 2755
1 515 3926
1 16 4782
1 21 7553
2
1 75 3273
2
1 313 2642
1 346 8648
1 238 5814
2
2
1 363 1340
1 228 9353
2
1 54 5432
1 15 5556
1 399 7338
1 205 3906
1 240 1529
2
1 437 9074
2
2
2
2
2
2
1 169 6983
2
2
1 327 7795
1 311 5651
1 300 2422
2
2
1 128 4965
1 11 4915
2
1 471 5472
1 77 8435
2
2
2
1 11 3954
2
2
2
1 159 462
1 341 9020
2
1 144 8855
2
2
2
2
2
1 27 3653
1 339 3928
1 446 2655
1 303 2930
2
1 230 5167
1 2 8098
1 122 1579
2
1 471 1176
2
1 47 4153
2
2
2
1 101 4623
1 186 8386
2
1 356 4677
2
1 251 8789
1 37 1390
2
2
2
1 248 4668
1 285 169
2
1 383 1132
2
2
1 381 9433
2
2
1 419 4565
2
2
2
2
1 384 2666
1 229 4230
1 122 2721
2
2
1 83 9953
2
2
1 430 7133
1 319 9435
1 174 3456
2
1 57 4163
2
2
2
1 115 5741
1 50 5798
2
1 70 9675
2
1 272 3537
2
1 461 9795
1 289 7491
2
2
2
2
1 310 6000
2
1 422 3095
2
1 381 7094
1 285 6143
1 262 1278
2
1 312 8362
1 3 5001
2
1 294 3673
2
2
2
2
2
2
1 451 5111
1 203 9700
1 32 2315
2
2
1 521 1268
1 320 1271
1 260 3730
2
1 353 5923
1 498 5285
2
2
2
1 262 6015
2
2
2
1 332 4148
2
1 143 3166
2
2
2
2
1 55 9523
1 309 520
1 523 6657
2
1 410 4663
1 387 2643
2
1 240 2847
1 509 6751
2
1 228 9725
1 269 7794
1 419 7314
1 65 8783
1 10 6705
1 253 6189
2
1 18 238
2
2
2
2
2
1 36 1152
1 327 7834
2
2
1 302 8374
1 433 4107
1 322 7741
2
2
1 273 2423
2
2
2
2
2
2
1 251 8902
2
2
2
2
1 346 1312
2
2
1 39 102
2
2
2
1 415 9269
2
2
2
1 343 3568
2
2
1 349 2891
1 26 8574
2
1 119 9132
2
1 499 3409
1 203 6851
2
1 298 6520
2
1 508 4185
2
1 106 6617
2
2
2
1 336 8871
2
2
1 453 3806
1 303 5644
2
2
1 500 772
1 396 1399
2
2
1 436 6145
1 300 7244
2
2
1 254 8290
2
2
2
2
1 434 7952
1 332 1389
1 286 1158
2
1 326 3978
2
2
1 80 394
1 105 8769
2
1 345 1561
1 159 1994
2
1 248 6834
1 285 1659
1 471 1010
1 504 5177
1 194 6195
2
2
2
1 384 291
1 155 6061
1 111 3647
2
2
2
1 47 3314
1 220 7714
2
2
1 220 8035
1 103 9503
2
2
1 304 7425
1 27 4953
1 214 1879
1 462 5909
1 412 9652
2
2
1 73 6480
1 210 6562
1 105 6250
2
2
2
1 432 2878
2
1 496 6622
1 196 1415
1 255 9513
1 319 7460
1 384 8961
1 86 4482
2
2
1 94 7432
2
1 421 8170
2
2
2
2
1 472 9983
2
1 489 2513
1 104 1703
2
1 262 8463
1 131 5878
2
2
2
1 9 5973
2
1 186 5224
2
1 461 4027
2
2
2
1 429 6934
2
2
1 135 7809
2
2
2
1 253 1441
2
1 249 4967
2
1 191 8847
1 7 2415
1 98 6217
2
1 88 4554
1 353 4059
2
2
2
2
2
1 459 1548
2
1 154 5772
1 428 2285
1 92 6366
2
1 358 3234
1 239 8064
2
2
1 440 1031
2
2
2
1 330 992
2
1 515 1932
2
1 11 596
2
2
1 217 4764
2
2
2
1 323 2348
1 459 7190
1 277 8068
1 59 7463
2
2
1 449 5730
1 258 3262
2
1 395 8806
2
1 241 2011
2
1 450 8132
2
2
2
1 365 9438
2
1 20 2505
1 148 4496
2
2
1 419 1780
1 209 8296
2
1 523 9720
2
1 199 6627
1 119 1016
2
2
2
2
1 379 4106
2
2
2
1 252 983
1 293 6981
1 437 1541
2
2
1 425 5910
1 309 7678
2
2
1 303 8996
2
1 99 5348
2
1 472 6030
2
2
2
2
2
1 259 5086
2
2
1 221 5231
1 203 3380
1 432 6481
1 18 7566
2
2
1 460 7489
2
1 135 56
2
2
1 240 4992
1 362 8274
1 180 3027
1 2 1608
1 339 8138
2
2
2
2
1 305 6166
2
1 46 6313
1 97 4725
2
1 421 6172
1 255 2720
2
1 64 868
1 79 8743
2
2
2
1 374 1567
1 119 426
2
1 266 7886
1 269 6969
1 497 467
2
1 228 3598
1 36 9250
2
2
1 128 8035
1 337 4299
1 332 2314
2
2
1 245 9217
2
2
1 182 5141
2
1 371 4356
2
1 15 1197
1 321 3973
1 17 7886
1 159 3369
1 280 2515
1 188 9166
1 340 8169
1 364 1535
1 389 1419
1 311 6253
2
1 164 3130
2
2
2
2
2
2
1 382 5021
1 492 7030
2
1 124 4009
2
1 240 5410
1 428 6454
2
1 148 5220
2
2
2
1 161 1787
2
2
2
1 23 1764
2
1 110 7939
1 330 9688
1 252 4336
2
2
1 18 8160
1 153 9427
2
2
2
1 81 7626
1 282 9921
1 172 7505
1 67 8454
1 167 2079
1 325 118
2
1 493 7132
1 308 7690
1 240 555
2
2
2
1 103 9507
1 303 5317
2
2
1 430 9590
1 87 8143
2
2
1 276 2062
2
2
1 315 6429
1 314 4679
1 459 7464
2
1 405 5219
1 414 3232
1 131 4833
1 142 8755
2
2
1 493 8736
2
2
1 466 1530
1 67 3263
2
1 394 4883
1 57 5605
1 127 7758
1 458 6271
2
1 190 3192
2
2
2
2
2
2
2
2
1 344 6784
1 368 3399
1 148 5887
1 360 5715
2
1 371 1323
2
1 397 4107
1 192 6474
2
1 408 2689
2
1 461 7871
2
2
2
2
2
2
2
1 117 3321
2
1 67 5482
2
1 409 5996
1 462 3748
1 261 9900
1 355 704
1 457 1682
2
1 74 1528
1 1 9642
1 508 9430
2
1 367 2807
2
2
1 388 117
2
1 145 2955
2
2
2
2
1 507 2436
2
1 235 5899
2
1 304 3404
1 39 2718
2
1 373 5762
2
1 255 6213
2
1 463 1351
2
2
2
2
2
2
1 499 8575
1 338 6418
1 10 5418
2
1 356 1780
1 80 1940
1 250 6525
2
2
2
2
1 73 2811
1 420 6762
2
2
1 40 2736
1 102 5236
2
1 166 7462
2
2
1 305 457
2
1 438 6906
1 331 8179
2
1 435 1406
2
2
2
2
1 307 9575
1 80 9447
1 464 6627
2
2
1 64 8476
2
2
2
2
2
1 81 5487
2
1 444 5384
1 507 7278
1 478 5095
2
2
1 443 4724
1 74 2989
1 276 8159
1 110 8174
2
1 186 3166
1 282 5591
2
1 44 1129
2
2
1 427 5756
2
2
2
2
2
1 402 8411
2
2
1 329 7515
2
1 498 6223
2
1 47 6290
2
1 382 9382
1 522 5304
1 103 4215
1 442 5392
2
1 481 6190
1 131 1171
2
1 118 6908
1 427 2434
2
2
2
2
1 234 4489
2
2
1 40 9900
1 26 1433
2
1 104 8160
2
1 489 336
2
1 334 1123
2
1 158 3419
1 118 6916
2
1 521 2271
2
2
1 189 369
2
2
2
2
1 338 1335
1 157 2210
1 236 294
1 125 8675
1 360 2852
1 415 9413
2
2
1 455 8850
2
1 176 7697
1 87 531
1 511 1769
1 2 2363
2
2
2
2
1 266 4021
1 340 4064
1 83 9805
1 369 5062
1 46 1308
2
1 329 2009
2
1 253 5341
2
2
2
1 503 4610
1 509 5870
1 287 3828
1 35 7431
1 425 4338
1 330 8167
1 10 4910
1 445 6084
2
2
1 398 5902
1 404 4205
2
1 136 1735
1 383 1526
2
1 350 1275
2
2
2
2
2
2
2
1 458 9559
1 251 2392
2
2
2
2
1 266 7064
2
2
1 288 7865
2
2
2
1 61 8844
1 309 6714
1 466 6022
2
2
1 84 5655
2
2
1 401 5181
2
2
1 478 8953
1 314 7488
2
2
1 294 6030
1 205 5442
1 34 4229
1 292 6727
1 153 1013
1 291 4884
1 415 5296
1 463 9603
2
2
1 161 2266
1 373 9356
2
1 263 2234
2
2
2
1 340 7197
2
2
1 517 3745
2
1 280 3338
2
2
2
2
1 428 3398
1 343 8456
2
2
1 124 527
2
1 450 8560
2
2
2
1 37 6626
2
2
2
2
2
1 115 29
1 409 6648
2
2
1 270 4908
1 196 53
2
2
1 103 8381
1 113 9356
2
2
1 480 9979
1 348 2194
1 47 6751
1 132 3370
1 424 7077
1 434 3486
2
1 204 3824
2
1 47 1670
2
1 183 5314
1 3 6554
1 461 6269
2
2
2
2
1 384 5255
2
2
1 23 1091
1 450 7273
1 461 9728
1 326 3356
2
2
2
2
2
1 351 9447
2
1 32 7204
2
2
1 177 7205
2
1 157 1185
1 71 8210
1 304 2903
2
2
2
2
1 235 2043
1 160 7082
1 386 9532
2
1 240 3039
2
1 367 3357
2
2
1 334 2367
2
1 446 379
1 93 9409
2
1 332 3448
2
2
1 215 3274
2
1 428 4621
2
2
2
2
1 439 1988
2
2
2
1 248 5115
1 180 4454
2
1 508 1904
2
2
2
1 99 8172
1 427 4232
1 208 286
1 113 7002
2
2
2
1 431 1818
1 370 8759
2
2
1 439 754
1 47 1405
2
1 127 2249
2
2
1 273 2894
1 490 6890
2
1 137 1124
1 171 4415
2
2
1 123 991
2
1 212 6350
1 96 101
2
2
1 371 8891
2
2
1 308 6040
1 494 6417
1 472 8905
1 520 3670
2
2
1 109 5525
1 382 3508
2
2
1 470 2606
1 90 8103
1 109 296
1 496 8588
2
1 401 9139
2
1 492 8041
2
1 204 2303
2
1 381 490
2
1 371 66
1 408 856
2
2
1 373 9169
1 193 2565
1 219 7909
1 448 2001
1 457 4329
1 52 5923
2
1 367 2926
1 396 6601
1 152 6174
2
1 137 5095
1 246 7461
1 422 2315
1 99 3615
1 283 9966
2
1 406 6485
1 120 7319
2
2
2
2
1 309 344
2
2
1 175 3818
2
1 158 6020
1 407 2450
2
2
2
1 262 1497
1 202 5617
2
2
2
2
1 16 8492
1 487 971
2
2
2
1 291 6362
1 492 3705
1 37 7785
2
1 83 200
2
1 144 6207
1 208 7792
2
1 416 9498
1 275 3335
1 11 8137
1 466 9690
1 66 9160
1 324 6325
2
2
2
2
1 53 8754
1 20 2881
1 349 8622
1 29 1008
1 150 7167
2
2
2
2
1 67 221
2
1 512 2260
2
2
1 362 2654
1 422 5695
1 388 7961
2
2
1 44 7888
1 272 205
2
2
1 248 4029
2
2
2
2
1 476 5694
2
1 322 2608
2
2
1 41 2525
2
2
1 175 9929
2
2
2
2
2
2
1 511 495
1 518 3018
1 43 591
2
1 243 6439
2
2
1 409 696
1 86 8802
2
1 522 4902
2
2
2
1 390 1438
2
2
1 207 3320
1 275 7159
2
2
2
1 84 6876
1 386 9572
1 387 9816
2
2
1 458 801
2
1 439 9416
1 243 1790
2
2
2
2
2
1 212 6244
1 436 1772
2
1 224 2631
2
1 301 4006
1 65 8194
1 65 8536
1 11 6822
2
1 93 2746
1 459 1204
2
1 469 9245
1 174 5918
2
2
2
1 406 2932
2
1 436 6839
2
1 139 2643
1 225 8430
2
1 367 3271
1 183 5691
2
2
1 133 2747
1 188 7372
2
2
1 425 3675
2
1 70 4569
1 65 2415
2
1 394 2945
1 254 1791
2
2
1 82 3790
1 69 9679
1 470 4448
1 121 2820
1 213 3655
1 79 685
2
1 460 6533
1 184 1777
1 60 2977
2
1 289 1254
2
1 523 5933
2
1 487 8803
2
1 140 4238
1 108 4096
2
1 214 6194
1 244 6063
2
1 301 2907
2
2
2
1 331 1876
1 9 8563
2
2
1 421 3133
1 457 5362
2
2
2
1 320 873
1 462 4199
2
1 68 4916
2
1 335 2456
1 444 1661
1 137 3968
2
1 177 2235
1 33 9136
1 403 7495
1 397 1880
2
1 384 2517
1 63 8177
1 256 883
2
2
2
1 255 7096
1 316 9109
1 515 8453
1 129 1229
2
1 456 2917
1 472 3191
1 139 9370
1 236 5730
1 401 6013
2
1 65 6532
1 443 3243
1 312 8294
2
2
2
1 344 9715
1 268 4529
2
2
1 233 3845
2
2
2
1 66 3193
1 229 2833
2
1 165 9185
1 274 3847
2
1 159 5252
1 129 9359
2
2
2
2
1 144 600
2
2
1 49 2299
2
1 73 7162
1 492 7665
2
2
1 199 9941
1 174 2177
2
2
2
1 314 7674
1 85 8722
1 467 8929
2
1 67 4138
1 244 4660
2
1 308 9116
1 296 4944
1 300 2701
1 481 6811
1 446 1538
2
1 140 220
2
1 250 5029
2
2
1 204 8650
2
2
1 293 6154
2
1 226 762
2
1 171 6973
1 409 9697
2
1 161 9297
1 3 5985
2
1 334 1935
2
1 263 6816
2
2
2
2
1 157 2670
1 140 9840
1 11 6231
1 199 7731
1 492 7530
2
1 501 4955
2
1 115 4004
2
2
1 422 4417
2
2
2
2
2
1 255 8874
1 419 2887
2
1 286 4368
1 338 7587
1 260 162
1 168 3915
2
2
1 367 4988
1 396 3420
2
2
2
2
2
2
2
2
2
1 4 9950
2
2
2
2
1 342 8941
1 437 7744
1 216 736
1 418 3745
2
1 244 9267
1 459 8856
1 172 3473
1 192 6832
2
2
2
2
2
1 407 7713
1 455 5747
1 221 1406
2
1 299 7549
2
2
1 154 7893
1 91 508
1 113 473
2
1 430 7682
2
1 30 1334
2
2
1 166 5764
1 464 9247
1 414 5895
1 342 2306
2
1 239 9410
1 103 5457
2
1 244 1013
1 363 5524
1 65 9607
1 210 6681
2
1 440 3150
2
2
2
2
2
1 488 8400
2
1 140 1931
2
2
1 333 1994
2
2
2
1 502 866
2
1 242 3743
1 95 5696
1 67 4370
2
1 312 2483
2
1 254 4132
1 18 2367
2
2
1 445 5042
1 298 5669
2
1 354 3714
1 346 136
1 39 4119
1 409 6005
1 67 6567
1 149 8703
1 182 9066
2
2
1 497 5319
1 374 7536
2
1 144 8183
1 332 1610
1 417 9245
2
1 23 677
1 431 8776
1 493 2297
1 106 6038
2
2
2
2
2
1 206 4931
2
2
2
1 241 6215
1 328 6021
1 80 8029
2
1 374 3130
1 495 6566
1 108 6608
1 399 9193
1 372 2613
2
1 62 507
1 425 1426
2
1 518 8741
1 113 1657
2
1 98 713
2
1 478 2928
2
2
2
2
1 276 332
2
2
2
2
1 424 584
2
1 142 160
1 414 7373
1 24 8582
1 155 4090
2
1 5 7250
2
1 55 276
1 191 4752
2
2
2
1 124 6391
1 136 2460
2
1 82 208
1 473 8785
2
1 50 6062
1 421 1352
1 209 6061
1 216 6432
2
2
2
1 304 4354
2
2
2
2
2
1 134 8981
1 10 421
2
2
1 373 4853
2
1 76 2265
2
2
1 89 5703
2
2
2
2
2
2
2
1 97 3350
1 458 5477
2
2
1 469 8915
1 296 505
2
2
1 62 7301
1 130 6432
2
2
2
2
1 329 8633
1 432 5330
1 428 8648
2
1 322 8587
1 124 6611
1 364 7970
2
1 373 6742
2
1 405 4840
1 441 9022
2
2
1 309 2161
2
1 473 6006
2
2
1 397 363
2
2
1 267 5700
1 456 4807
2
2
2
2
2
1 329 6125
1 371 7627
2
1 218 2558
1 182 8031
1 443 94
2
1 41 2667
2
1 502 9398
2
1 23 4377
2
1 302 4927
1 64 6095
2
2
2
1 153 8577
1 441 1311
1 241 8232
2
1 379 5343
1 343 1838
1 404 6876
2
1 236 8103
2
1 351 6382
2
2
1 199 4245
1 153 6649
1 339 2074
2
2
2
2
2
2
1 104 4426
2
1 55 7310
2
2
1 121 6085
1 522 2594
2
2
1 316 1622
1 109 5972
2
1 306 3136
2
2
2
2
1 380 2088
2
2
2
1 166 3692
1 176 1987
2
2
2
2
1 388 3602
2
2
2
2
2
2
2
1 304 6724
2
1 495 6365
2
2
2
1 498 2716
1 210 8648
2
2
2
2
2
1 465 5982
2
2
2
2
2
2
2
2
2
1 412 8428
1 272 931
2
1 408 9847
1 322 6822
2
2
1 494 2980
2
1 196 8613
2
2
1 278 6135
1 238 7021
2
2
1 294 1455
2
1 164 3422
1 228 3390
2
1 33 811
2
1 269 5464
1 137 1956
2
1 334 677
1 1 256
1 65 7315
1 47 46
2
1 347 9153
2
2
2
1 316 6890
2
2
2
1 202 1146
1 467 5705
2
2
2
2
2
2
2
2
2
1 487 6967
2
1 510 2054
2
2
1 478 1348
1 168 9051
2
2
2
2
2
2
1 287 7449
1 152 7931
2
1 102 8203
1 352 2905
2
2
2
2
2
2
2
1 89 2100
2
1 370 7385
1 28 7909
2
2
1 173 1632
2
2
1 448 7765
1 146 1733
1 197 5397
1 444 4123
2
1 473 8310
1 517 3148
2
1 124 6425
2
1 442 1664
2
2
2
2
2
2
1 181 758
2
2
1 326 1381
1 356 3805
2
1 413 2856
2
2
1 411 2814
1 213 9954
1 46 7319
2
1 261 3424
1 485 8451
1 472 8362
2
1 12 3392
1 200 8128
1 289 6319
2
2
2
1 1 4592
2
2
2
2
1 169 1192
2
1 376 9607
1 50 2007
1 247 858
1 514 6903
2
2
2
2
2
1 73 6636
1 489 1782
1 431 4100
2
2
2
1 131 7000
1 87 4417
2
2
1 202 1109
1 424 4894
1 44 9933
1 239 7806
1 463 6018
2
2
2
1 242 1163
2
2
1 238 1027
2
1 339 5172
2
2
1 10 6743
1 185 6673
2
1 352 5856
2
2
2
2
2
2
2
1 202 9411
2
2
2
1 103 6010
2
1 369 992
1 435 1971
2
2
2
2
1 472 8136
1 198 7117
2
2
1 155 832
2
1 196 3591
2
1 264 3360
1 253 228
1 234 8645
2
1 87 1917
1 55 4923
1 125 1671
2
1 81 4928
1 175 4842
1 173 1437
2
2
1 163 4179
2
1 45 9657
1 508 2035
2
1 362 2237
1 400 5948
2
2
2
2
2
1 420 7653
2
1 104 592
2
2
1 341 6912
2
2
1 427 7089
1 514 4907
1 358 7064
1 401 7186
2
2
2
1 138 1176
1 473 645
1 427 9315
1 170 89
2
1 54 7751
1 449 4900
1 28 240
2
2
2
1 455 4594
2
1 224 7663
2
2
1 256 6082
2
2
2
2
2
1 428 8827
2
1 330 9321
2
2
2
1 240 6391
1 391 3741
1 253 2052
2
2
2
1 403 627
2
1 371 9965
1 9 5647
2
2
2
2
2
1 344 4644
1 176 8824
2
2
2
2
2
2
1 259 1911
1 11 4413
1 292 6274
1 343 1061
2
2
2
2
2
1 385 3499
2
1 8 2961
1 224 6685
1 274 5512
1 25 5437
1 133 8166
1 292 5122
1 371 1794
1 105 7528
2
1 66 5660
2
2
2
1 84 5520
2
2
1 301 3885
2
2
2
1 307 278
1 471 4805
1 226 1109
1 222 5665
1 90 284
2
1 43 9796
1 492 8694
2
2
1 426 3896
1 76 3537
2
1 47 6415
1 352 3884
1 381 5452
2
1 452 7884
1 269 191
1 44 8769
1 269 7700
2
1 328 8281
1 370 7788
1 149 3190
2
2
1 198 3767
1 75 5690
2
1 274 7906
1 349 7951
2
1 20 1905
2
1 49 6392
2
2
2
1 230 3307
2
2
1 180 3735
2
2
1 483 5823
2
2
1 43 2813
2
1 271 3661
2
1 147 5742
2
2
2
1 4 5348
2
2
2
1 414 5089
2
2
2
2
2
1 60 9072
2
2
2
2
1 183 2620
2
2
1 11 2897
1 79 7351
1 511 9292
1 299 9261
2
2
2
2
2
2
2
2
1 101 2478
2
2
1 404 8754
1 213 2320
2
1 522 5401
1 123 7935
1 17 6757
1 136 5088
1 337 6961
1 391 1597
1 81 6613
1 332 9689
1 198 5739
1 173 6230
2
1 42 6879
2
1 175 5090
1 112 4975
1 159 1804
2
1 485 3416
1 319 1177
1 261 2512
2
1 510 8837
1 121 5679
2
2
1 37 4479
1 455 1119
1 203 389
2
1 295 638
2
1 83 6970
1 512 6350
1 20 7644
2
1 89 8314
2
2
2
1 104 6200
2
2
1 76 8316
1 389 861
1 456 3520
2
1 361 4053
1 67 6153
1 83 886
2
2
2
1 37 2938
1 220 2889
1 393 8864
2
2
2
2
2
1 440 5445
2
1 235 5062
1 188 3515
2
1 42 6481
1 124 8703
2
2
2
1 471 7417
1 407 9865
1 324 7377
2
2
2
1 214 4788
2
2
1 156 5675
2
1 189 7820
2
1 495 5909
1 438 4878
2
1 452 121
2
1 432 1083
1 223 9488
1 279 8676
2
2
2
1 436 7543
1 217 3961
2
2
1 435 586
2
1 240 127
1 369 9703
1 239 8060
1 394 6831
2
1 351 6755
2
2
2
1 363 5655
1 405 4819
2
2
2
2
1 407 2595
2
2
1 482 2438
1 213 6043
2
2
1 35 3512
1 503 9941
1 195 8152
1 26 4021
2
2
2
1 7 9081
1 17 6033
2
2
1 62 8519
2
2
2
2
1 84 6812
1 456 4698
2
1 510 5944
1 3 938
2
1 127 2642
1 126 3977
1 170 6450
1 357 3073
1 420 8948
1 402 7839
2
1 344 7618
2
1 85 8187
2
2
2
1 466 2694
1 374 3469
1 455 7980
1 399 6908
2
2
1 465 2720
2
1 358 187
2
1 235 6943
2
1 64 2543
1 328 8713
1 294 7226
1 373 1878
2
2
1 502 9181
2
1 273 9508
2
2
2
2
2
1 279 7763
1 377 6917
2
1 340 3415
2
2
2
2
1 168 5602
2
1 197 6749
1 381 3437
2
1 49 3839
2
1 480 5727
2
1 281 4832
1 86 392
1 255 3273
2
2
2
2
1 260 8922
2
2
2
2
2
2
1 56 2989
1 5 3886
2
1 456 7311
1 443 4088
2
2
2
1 424 1480
1 223 3361
1 275 6988
2
1 55 185
2
1 237 9890
1 460 9850
2
1 397 6900
1 386 1024
1 274 3524
1 74 2297
1 121 5049
2
2
1 214 2644
2
2
1 107 4926
2
2
1 207 373
2
2
2
2
2
2
1 157 9559
2
1 252 3595
2
1 17 3350
2
2
1 19 3862
1 26 7924
2
1 321 2751
1 254 3109
1 331 3674
1 287 6176
1 23 5502
2
2
1 134 7181
1 154 7795
1 14 6702
2
1 165 4927
1 414 7263
1 212 7496
1 231 2345
2
1 476 5550
1 103 6092
2
1 229 2015
1 77 8965
2
1 324 2312
2
2
1 450 2116
1 181 236
1 345 6876
1 303 365
2
1 407 9920
2
2
2
1 394 7948
1 469 3830
1 298 7946
1 139 9231
2
2
1 104 4550
1 410 4349
2
2
1 255 736
1 463 8195
2
2
1 366 4174
1 468 1069
1 441 1773
2
1 461 6367
2
1 72 439
2
2
1 374 7185
1 127 5661
2
2
2
1 188 3514
1 317 2975
2
2
2
1 238 5091
1 232 9519
2
1 54 7565
2
2
1 435 1969
2
2
1 403 1055
2
1 139 3379
2
2
1 2 1179
1 289 6533
1 31 3008
1 67 5672
2
1 255 8592
1 95 2126
2
1 273 6953
2
2
1 289 9108
1 421 6588
1 208 2925
2
1 114 6649
2
2
2
2
2
2
2
2
1 34 5891
2
1 379 7815
2
2
2
2
1 404 5268
1 279 4863
1 54 5067
2
1 217 6832
2
2
1 207 1766
1 143 1780
1 412 5215
1 291 5284
2
1 304 8498
2
1 27 8835
2
2
1 359 2318
1 156 3178
1 327 5874
2
2
1 216 3214
1 165 3969
2
2
2
2
2
1 163 4275
1 471 2536
2
1 323 5787
1 349 6664
1 152 4842
2
2
2
2
1 95 6500
2
2
2
1 96 2290
1 523 8084
2
2
1 436 1948
2
2
1 393 4365
1 23 26
2
2
2
1 276 1752
2
2
2
2
1 408 6518
1 237 6985
2
1 501 7795
1 222 3247
1 466 1584
2
2
1 257 4025
2
2
1 339 6876
2
2
1 384 9387
2
2
2
1 244 5021
2
2
1 417 6358
1 155 5009
2
1 78 4920
1 8 4701
1 278 9206
1 132 4935
1 334 5431
2
1 35 6882
2
1 300 9219
1 438 3944
1 215 7846
2
1 399 9269
2
1 114 3415
1 514 9322
1 244 1987
1 100 3914
1 178 2147
1 387 3284
1 389 593
2
2
2
2
2
2
1 167 2146
2
1 472 766
1 187 2254
1 53 6856
2
1 235 4149
2
1 403 3873
1 194 7173
1 110 7603
1 194 4136
2
2
2
1 163 5278
2
2
2
1 418 6158
2
2
2
1 186 495
1 459 7148
2
2
2
2
1 165 2753
2
2
1 142 6203
1 58 8981
2
2
2
1 328 2479
2
2
2
1 193 7942
1 332 6219
1 464 995
1 462 71
1 266 276
1 438 6873
2
1 468 801
2
1 427 4113
1 415 9096
1 395 7440
1 201 6609
2
1 227 2820
2
2
1 351 7194
1 104 911
1 494 498
1 508 8860
1 67 8939
2
2
1 337 3460
2
1 500 4964
1 393 1410
2
2
2
1 435 3574
2
1 8 1150
2
2
1 394 6448
2
1 246 335
1 111 1820
2
1 105 5964
2
2
2
1 474 7254
1 240 8735
1 260 6168
1 399 9466
1 297 4603
1 80 3625
2
1 204 5740
2
2
1 175 7298
2
1 46 4194
2
1 333 251
2
1 150 4133
2
2
2
2
1 44 2409
1 286 8061
2
2
2
1 130 7740
2
1 319 4394
2
2
2
2
1 20 2338
1 468 3365
1 196 6725
1 207 5652
2
2
1 467 6022
1 348 9472
1 481 3467
1 164 2350
2
1 160 6945
1 92 5737
1 375 4104
1 524 6390
1 164 8431
2
2
1 168 9471
2
2
1 489 2592
2
1 375 2000
2
1 438 2365
2
2
1 51 1690
1 358 1889
2
2
2
1 325 583
1 431 1391
2
1 119 985
1 294 2097
1 483 1879
2
2
1 322 5240
1 213 6215
1 232 9357
1 249 3437
2
1 97 5620
1 21 7445
2
1 75 522
1 118 295
2
1 225 8872
1 467 4425
1 425 9044
2
2
2
1 327 3719
1 18 393
2
1 369 1677
2
2
1 332 4519
2
1 415 7867
1 34 3335
1 376 9969
1 104 5939
2
1 17 6319
2
1 354 7058
1 332 361
2
2
2
1 300 4125
2
2
1 217 6265
2
2
1 248 7328
1 114 55
2
2
2
1 341 4863
2
2
1 188 2748
2
2
2
1 59 7808
2
2
1 32 3484
1 507 1296
1 155 3621
1 23 2591
2
2
1 287 9034
2
2
2
1 513 3470
1 447 4807
1 214 2402
1 38 8246
2
2
2
1 143 1506
2
2
1 306 7482
1 516 2579
1 169 80
1 105 6638
2
2
2
2
2
2
2
1 72 9966
2
2
1 35 6609
1 165 8451
1 171 9849
2
1 161 6184
2
2
2
2
2
2
1 522 1905
1 357 7455
1 440 6288
1 242 4279
2
2
2
1 7 7904
1 147 7686
1 284 8562
1 1 3615
2
2
1 215 4347
2
1 468 1106
1 318 1953
1 92 911
2
2
1 420 777
1 239 8706
2
2
1 136 1642
1 235 187
1 69 1204
1 260 3001
1 65 5279
2
2
1 243 7808
2
2
1 116 5968
2
1 154 5442
2
2
2
1 283 2821
1 132 7744
1 97 5441
1 225 9984
2
1 114 4955
1 485 6951
2
1 179 5715
2
2
2
1 61 1994
2
2
2
1 377 2759
1 217 706
1 35 8593
1 332 6209
1 262 9147
1 488 4944
1 91 277
1 236 5282
2
2
1 20 524
2
1 382 8661
2
1 508 5052
2
1 226 7012
1 165 267
2
2
2
1 233 7417
2
1 306 6025
1 475 2389
2
2
1 289 5186
2
1 23 4226
1 85 1514
1 357 2516
1 423 1487
2
1 258 5635
2
2
2
2
2
2
1 45 5111
2
2
2
1 328 8535
1 107 6096
1 374 791
1 240 7187
2
1 451 5806
2
2
2
1 489 6385
1 448 6811
2
2
1 230 3833
1 221 1606
2
1 1 9269
1 465 8569
1 24 1153
2
1 456 5143
1 113 8340
1 171 983
1 316 4109
1 373 2812
2
1 379 7759
2
2
2
2
2
1 181 7957
1 288 1994
2
1 405 147
1 316 3711
2
1 481 8756
2
1 298 7088
1 19 4427
2
2
1 171 3796
1 495 9969
2
1 469 1261
1 430 9336
1 522 3190
2
1 279 8362
1 96 2065
1 333 680
1 482 8000
2
2
1 107 6479
1 196 5295
2
1 253 8716
2
2
1 20 8049
1 48 4647
2
2
2
1 445 304
1 347 3553
2
1 22 8888
2
2
2
1 479 1754
2
2
2
1 144 6558
1 63 6052
2
1 146 2994
2
1 451 1947
1 411 2782
1 305 8125
1 110 1365
2
2
1 66 5830
1 376 2073
1 202 2088
1 34 7965
2
1 327 7077
2
1 462 2752
2
2
2
2
2
2
1 209 5113
2
2
1 118 9246
2
1 187 6799
1 116 7342
2
1 89 5317
1 268 5782
1 278 5508
1 316 9448
1 239 2457
2
1 240 6119
1 269 9285
2
2
2
2
2
1 423 5838
1 438 9093
2
1 473 10
2
1 309 2251
2
2
1 270 9692
2
2
2
2
2
2
2
1 301 2321
1 509 7384
1 505 8267
1 171 3472
1 12 2613
1 40 9985
1 54 3626
1 479 862
2
1 435 7606
1 485 5826
1 61 1103
2
2
2
1 491 5542
2
1 274 3685
2
1 47 8314
1 41 9355
1 196 4639
1 99 9227
2
1 154 2577
2
2
2
2
1 269 5901
1 371 4785
1 492 5050
1 320 7241
1 486 3027
1 417 9898
1 362 3684
2
1 330 7055
2
1 104 738
1 100 8927
1 426 1556
2
2
1 149 3443
2
2
2
2
1 136 622
2
2
1 223 3546
1 41 4470
2
2
1 521 5251
2
1 110 4065
1 50 2084
1 209 3141
1 365 6591
1 287 8359
1 229 1018
2
2
1 324 1467
1 113 9888
1 51 820
2
1 271 3172
2
1 249 7529
1 226 5180
2
2
1 58 8370
2
2
1 229 3271
1 331 6949
1 372 3236
2
2
1 70 6709
2
2
2
2
2
2
1 382 7200
2
1 377 1294
1 130 5335
1 129 9562
1 216 1632
2
1 320 6831
2
2
1 338 9130
2
2
1 460 3136
1 259 6699
2
1 239 2032
2
1 500 6959
1 442 7487
2
1 175 7118
2
1 354 6130
2
1 58 6183
1 355 7600
2
2
1 498 3628
2
1 363 9386
1 45 9178
1 14 326
2
2
2
1 455 3231
2
2
2
2
1 181 1062
1 320 6276
2
1 412 7225
1 518 6799
2
1 45 3034
1 416 2700
1 525 375
1 23 5003
1 499 6571
2
1 493 3309
2
2
2
1 474 238
1 203 9309
2
1 444 9510
2
2
1 185 619
1 431 7010
1 250 7555
2
2
1 264 6876
2
2
2
2
2
1 119 88
2
1 179 8608
2
2
1 158 5591
2
1 30 4822
1 46 2139
2
2
2
1 230 5574
2
2
1 212 57
1 399 2363
1 18 2752
1 376 7378
2
1 53 391
1 338 9876
2
1 341 183
1 342 1982
2
2
1 75 2423
2
2
1 391 988
2
2
1 341 2519
1 263 1907
2
1 195 5179
2
1 319 8804
2
1 17 7075
2
2
2
1 194 9638
1 150 4656
1 501 4983
1 230 8830
1 128 6945
2
1 432 5566
1 441 7537
1 425 8990
2
1 13 545
1 345 8815
1 393 283
2
2
1 449 750
1 373 1675
1 117 2208
1 136 7555
1 134 5191
2
1 453 4821
1 435 8058
1 243 1121
2
2
1 2 7475
1 346 8763
2
2
2
2
2
1 468 9603
1 82 1890
2
2
2
2
2
2
2
2
1 207 6985
1 478 792
1 107 3899
2
2
1 156 8070
1 34 8317
2
2
2
1 516 9975
2
1 4 9134
2
2
2
1 367 6111
2
1 175 5289
2
2
1 28 4156
1 490 1948
1 97 9610
2
1 345 4936
2
2
2
2
2
1 168 5098
2
1 449 1840
2
1 194 9909
2
2
2
2
1 120 1325
1 310 5224
2
1 31 5594
1 277 9267
1 390 3259
2
2
1 145 7114
1 116 854
2
1 492 5368
1 295 8157
1 310 2723
1 50 961
2
1 295 9873
2
2
2
2
2
1 391 1034
1 84 7280
2
1 87 8076
2
1 65 914
2
1 304 1660
2
1 25 5690
2
1 480 4365
1 447 6404
2
1 196 9820
2
2
2
2
1 365 6023
1 257 691
1 126 291
1 408 1088
1 357 1511
2
1 85 7111
2
1 445 8623
1 141 6262
1 196 8316
2
1 137 2370
2
1 83 3301
1 202 3074
2
2
2
1 439 2136
1 394 515
1 163 7454
1 343 7196
2
1 517 7075
2
2
1 309 7538
2
2
1 287 2073
