10000
883198120
805123162
416031272
56168456
463867248
420718345
520845736
285413856
930787549
724404104
371595641
823239351
792904830
285609695
272861215
150099914
532654637
182263709
309521360
833892200
942767660
25458835
509370898
203298158
110650299
82110513
761616953
206206593
927495476
666920133
494145521
717026257
486856490
91214325
571336196
626549354
327921420
410767124
23086040
119098015
761963619
342039808
412053814
101359622
299022941
550246501
253297954
77827108
561318794
3285929
695922686
79015675
568821032
842053920
236600937
97454861
197213033
12891308
603873603
711455554
914403556
397165774
301216896
424792818
360919877
224246686
526350650
61657173
394285452
397617269
852244848
699683943
324982426
709299710
881893455
623264191
289332721
658758386
180739402
467972441
153860071
827210508
799573152
251382503
820343750
319532528
651069215
997335554
950325459
366917275
363639046
165654334
537511837
821956530
82648835
789928967
22867236
103427250
709811852
602638655
951177216
350100897
841452267
936078832
8693883
224356638
558477468
298097872
453240283
956367513
570136360
727733474
894647889
548761901
916284239
328122272
981115836
455010517
283394801
102053966
449895665
861524609
456328882
160087776
59468223
981751545
738663732
478191629
229416523
373640145
473015433
909484240
848309823
673095986
707968040
314223501
120119326
593786924
11695876
442219572
590899664
146900404
212289935
909910869
565764446
599692862
962870281
697764059
532649222
847749468
566732931
1619734
591953816
496797775
229318543
640810137
336855567
257473498
12954000
498201768
698932122
903955599
804958717
261437838
357568452
893092134
424343377
925400169
339535102
160053192
122818561
400971808
712560834
650351438
786310784
147519388
653528610
562591783
933645700
204142952
167704691
752887951
805249102
951575153
813781059
909084358
63050986
253049506
844058121
174355760
883038953
305294785
655626758
610737178
161516035
60015235
726524345
706558648
307051260
308996003
975739299
604121012
42886038
165887800
491925907
271573952
254480531
3090550
700912815
81295753
936094621
892988901
187644774
30476091
351721590
683412696
615478024
819062197
454504731
688349454
338449418
1152839
162110192
885805802
492909061
263750596
170792720
810496053
933512894
732200305
221287051
209442282
10849137
879129780
96429753
907198668
887777115
102671746
763985603
922359813
548433493
495896108
412951951
189103798
239251920
352071563
107332892
157717668
80831907
277551570
146228007
869256462
180846510
28259158
256622765
874710756
378218897
814699797
625702232
414487248
144847091
799847543
9830634
110108050
380461506
541647032
5910815
745888453
358968488
450091235
589778940
714681114
855875627
81712475
557852793
678990824
181577811
638180028
840756722
944259520
196193834
290555697
190674359
191557844
176664406
387354289
722023035
788578663
71837918
408533007
325351896
418740089
404529612
736070877
505556459
129145183
935748084
803560246
715046403
468988079
871775395
80129304
40566576
305591228
370209589
470981423
829023118
296426795
185273130
288024588
719236310
286319555
847812400
603574083
727895910
801336121
888944122
506575026
892388160
129153604
278616687
613984586
512033364
916860469
942978415
983151212
566468527
324267416
957017045
130005995
831577549
692965396
57731402
37084486
14176786
956406980
999568155
967271200
791778399
740757304
300325517
945974271
363039206
762652605
642455975
150300384
924546837
392101278
401886364
465474798
611677220
623942709
586844652
614845522
805989199
255164125
487015003
904776281
383076074
574241055
560938338
903912987
580801191
863275330
699659646
8696462
339553421
58379623
331360336
850656086
993898598
26563623
140388550
894887571
674909928
426228568
721350257
99862335
109949299
955462880
216822877
537890462
69562341
844259954
775597323
16635027
389517383
856038608
267987223
537039165
619969138
599166147
729657367
549975861
26407936
180588997
127042657
297671294
579386494
396715123
612693511
79322169
851362928
774748175
838207834
516941389
103553121
761275596
893855957
599179703
319451764
829411508
957366780
313367928
656985262
866736062
81646488
41483712
555036226
552755625
881970185
773350572
305505093
193581236
233696413
515506927
141424482
690112224
728781332
924792741
221152781
890373249
303169655
54138274
767827901
598382013
104764555
177806102
343298672
915952749
546657133
519176161
587992106
94368826
59716807
733852557
65186691
394396605
686562983
620797406
92569049
82631496
110420086
144988981
81896021
525872925
198443033
524282725
11510761
135761150
332420505
188337327
573037861
52527124
329192574
450382919
434551727
240090637
708129150
840467847
883838161
726495166
294701186
441375864
454160415
619585714
647018998
746757331
787737552
402049026
348528754
222402150
871398490
359875884
280776591
118313604
912534788
296756169
120690395
123198153
232264981
279074651
359950836
44587882
585393810
717526990
289802661
171143
692131216
822905024
898956295
149742569
21023917
106501500
165393764
640123259
303901053
547516280
552887165
234092467
172374151
510569968
402128134
260347310
336966646
508476238
78032996
653464617
460201060
699185377
203056293
705552256
713368115
631579847
692217969
297006672
118999989
195504625
915240068
789170936
166270430
317891873
128177302
103209414
531324288
529795436
55824158
401498585
259301979
977338384
710056466
170784297
159262649
7442288
451553630
619563658
552033223
361652543
26955764
94709418
193979586
4971935
681969477
408030506
650521373
729758165
261248509
33461697
643918803
425741961
283481566
303604375
818054173
202806830
594282587
616203405
122009389
235468009
183087938
671501045
629794520
706839308
337677391
650524121
272421659
580253623
620830914
365846292
323080445
779144239
135194149
348310928
351721435
622545341
386832439
627020780
111332652
394445398
111711204
530855245
250333317
785746168
160974610
639871708
26406753
145266449
689316395
511950472
842470365
655019400
743092436
7699493
234768943
698886445
47659310
910255621
106658999
128614576
781956490
414163663
240044663
598940588
136646180
250277706
804036612
22491072
499129051
774762939
585716225
566901153
149236977
345770525
588527816
588560944
526683418
563644218
939407292
731231129
388645485
967654205
847372884
854497140
726481960
698322037
472640745
302267884
116034425
571026108
401935631
201883543
372491808
17035121
374588270
469386136
485104433
536235605
486057223
820561013
355846618
576136376
294518910
826977919
443123068
175639948
181744053
879318183
307897218
809642119
957928702
532700893
851969812
930000305
560649905
426560439
346442491
176110701
967527883
82363135
291262158
103180891
908661619
998562299
555056561
388316762
502130077
578710857
769962597
102891793
233069107
950800402
271015721
810401787
107685194
991616319
568096120
275765132
598537707
797205168
177084540
215258076
993654991
699315829
185805429
590267625
238456399
543473061
104967939
430619048
742131469
839100554
920823190
899861390
7937845
306281659
270560029
510494816
262164213
888087243
656830565
162728638
731479777
409720739
541844738
730282640
357001624
711675091
411155980
762194673
722581524
698158835
467384197
891694253
15126366
122814277
785087511
503994018
350602498
477379192
2168872
334183609
662675437
891417937
627796357
889239629
383114541
46191435
134202240
743372385
18152314
603026481
140066573
716765476
705444655
493951632
506257824
385289420
553483543
397682914
993092793
880632383
158399337
70459634
740823826
238212893
407902499
625687440
747749772
204357885
702903036
474223459
388120417
871102820
272118495
378350881
39502834
270993345
75586314
231284141
879458615
932335122
637369097
702176182
827373413
730576824
51557332
232235534
415562447
65879774
776267851
832173010
600997947
651653554
281824222
304962266
381762200
570415173
714387442
955231923
82981836
650571817
186805315
248214688
561791605
803788712
7643035
920406387
163544282
259907328
655111380
638446151
737504272
453795890
854376518
901351909
363581682
938115631
601350990
408115611
251218195
795223942
212914741
533732228
490054916
211081616
498594398
896234803
666991077
673418791
319552919
819947005
507427698
980237608
833354947
392658294
797437230
1683604
788456994
919097737
575987644
420513374
780118031
888538492
930089232
742471440
782044112
855815293
95805457
585619859
422700136
292903626
798512022
485548697
951077122
816858613
127203240
201701735
861849952
71253492
116815662
699575865
628282390
42909747
662871139
5284142
179846987
545191916
207109459
949425398
808425679
343415165
747286822
933672074
532019617
34663869
614113637
2913589
31392126
106238857
372400335
988282376
888538345
771095694
409261684
19300968
801745102
255709750
263644057
725890926
450361068
447553278
860969536
544569771
809951306
893982057
700107640
727325093
626558633
223349916
867011752
907159944
206139852
975807714
123239252
106405303
450022129
619020100
812106164
813231563
252098977
99055979
968997082
859101437
959357067
593959064
432381258
313863583
762876082
745264282
123747167
719514690
505985906
958188435
45891845
553341270
141775781
994916173
731437843
349411105
494258756
428828578
831828570
624977050
353571145
836794893
263606762
656099401
902316806
290283485
726845944
791272457
689410509
939677868
117974141
695524274
371965760
492018196
758303238
477645131
762201527
929292453
323212429
839798742
423967952
646971967
709093348
648412468
575495598
9846379
468246460
294828232
543127715
275022652
819760707
78172062
352980205
254533122
308593895
20576443
754332199
511670491
408516095
693251632
406043160
263850484
336292615
550967936
233178253
947134066
320745974
453170237
607919001
134001113
280061002
659979112
441745949
787639318
742572312
74437989
208391280
587853923
394206548
930405631
935939197
81705557
211006592
439900309
660638316
596690198
925563635
67579740
994081781
209731582
872855201
124818071
671878899
102513452
815090690
133403178
33875728
682555528
93020644
100498037
804647626
30732245
234969014
400257732
53263230
604048215
669960439
789417751
897555949
481302558
351598096
786242911
793754920
808279295
874995329
524863183
149329626
474194862
705111153
620353441
534639094
689682790
210010411
213467572
996675302
945994341
750803421
475545394
893297532
407198307
222190049
397249408
213161713
272811054
448583219
513213391
254016853
727193966
142987450
277906691
288180810
379531653
246778003
369487312
208930750
474058769
695885793
147597883
192365398
518483777
486336650
262637657
217277707
132167746
997327982
274409851
935779800
364691774
727926999
407889643
313553117
423975309
440647645
566750261
569680688
864118158
514044672
576789367
323351646
820434549
435069170
117501534
235905649
179444895
94630408
255473825
369445415
929900004
907693499
872526416
634999860
824093340
411326202
697922188
241553423
578881083
350944392
589992852
368634700
275674101
87054646
354987573
283622674
814259063
559641095
807871135
647890626
386193634
340023665
409939948
172559715
961017366
674048799
261647682
914908764
655623367
402522381
14332338
86334912
247705635
869438291
397113601
284916611
730031312
101322464
504588901
246483428
708889829
846861032
317575969
884643992
611000483
457555945
292364799
131658005
923486723
598063943
125002016
980668375
661440258
611391430
898588485
463091001
793579985
432426789
202419870
180227195
493437143
834986887
758039052
319248882
393345642
459110550
242274025
389137592
70645118
494998178
122364733
293058554
108334356
909666801
460517220
375663056
773756467
216366418
592537275
624955386
919391205
365181766
347417049
194171324
878078185
15314804
798412084
874966600
200054433
170841459
188195425
83702556
321276377
395437204
552519646
77472508
514504507
730610589
502071513
272623311
9234294
833336759
705779620
193080501
871849448
181518872
705497889
323705819
403637019
201328067
221105166
46235993
767505815
434038276
330843166
136479911
998065313
188351950
858264499
571618415
666288372
233887192
932305410
987948808
813481135
923238913
347516907
427132523
474303675
42856772
461816509
941037565
157102526
189056142
424433715
53136166
673047756
122711957
621787084
819860379
245176294
738540490
255712584
114422349
75425028
67776018
279675784
519085472
768252390
769748751
499184822
427587719
22429830
881606697
964764180
763790202
681422829
284828593
566320095
703185961
745136099
600791906
975878637
98865249
207131504
553922315
917255863
886222192
683013887
742039075
580997180
172362173
896272129
935131591
51710190
363394923
201680011
983513918
115896017
505199042
409462017
291964043
713507746
72666666
749866791
401424264
556111888
529035790
231621984
84377641
602239552
955503078
192592835
758542816
410510835
255400237
212346618
613940147
461256265
518262053
818200950
662098059
902995260
858609028
297957160
429017534
767216629
180644385
559977660
231934918
790894911
110518230
296476851
90860318
276592140
414868209
193199837
419307871
153080314
935550470
193719173
389151545
143666714
735221175
59908946
927535417
633870270
727473500
684442969
271788835
997000737
560018485
290284921
272281550
140578767
110344847
107817776
840164916
55560346
163651498
286468518
589527523
656747040
49543489
647750390
636125199
624059878
347496748
552878603
435370239
895547179
65826862
245446285
721071135
411153679
557136059
54981126
494898352
196286987
556768678
227263408
849619656
74046051
507111945
177615580
377052719
483617281
198196082
36375359
82684625
354226947
836854746
118977119
173749832
124334257
301577610
680138651
978359396
438624990
861985442
791074706
928367048
730614543
634843392
596233976
245899552
937665734
476843211
377422481
763068130
402554641
268260888
508589962
130732375
841632036
28593369
586634617
228121042
394041962
50994955
879129835
42293751
607289600
378019697
691220109
329732530
976680836
858319883
966265924
657170864
993452856
311617271
765719109
883367017
676565666
185492228
847849323
15466090
346068402
432281768
729663310
255016144
669334983
754336147
887674863
736867062
572193376
640184216
187086328
699681067
875066837
252365584
165073194
650206097
260137196
845301037
878280745
363311237
257163129
52983711
96760232
376523702
642988525
83176108
800923320
699528737
407358084
854363410
202144996
212111380
491250620
963194945
204284093
473364657
22015865
652729154
708551778
703276639
632573433
104050020
856550437
125795023
153949342
815329482
379336955
636449580
427507288
16890996
884143016
311589764
974736656
712420602
12708043
201802236
640107563
56215676
345922238
688106348
686197857
378661107
334507050
578984562
116112142
775644280
160563662
674050699
176553981
768060221
154446769
40845077
676933645
48781645
83946272
515691945
306319448
53871708
648493068
977842726
278325714
559967968
196575881
191622184
68244336
874465844
663845317
197241983
206401751
766126017
156879869
843348647
89841782
397702348
168461458
613443934
680573654
837618460
81339741
908215388
606633266
773838746
940897332
812072606
48105604
852606587
292533667
185862457
34660687
396299509
130169044
59504646
457992575
96981124
596316057
60811854
765575015
140433045
807476384
298066491
587041453
265602485
544152923
660784323
876577160
744839695
54989217
106180170
371856033
34388574
145683647
540400114
145560919
940962249
540883123
782371693
799595001
730422355
416392655
186770937
367648167
721122536
61528101
15557957
924133623
984080459
722795388
35426193
171427343
448670047
34373067
932718738
459672582
431389237
286079527
987375077
310376222
137413594
690028161
198872521
63933097
630903360
697456346
295025878
709930207
227201241
853206808
144846543
666376456
453268506
303294320
92469126
909050267
897215447
872392061
610193731
585921997
174346683
322239184
770733122
169332541
547883961
123222346
961072870
757636308
192943319
872758779
924145841
518463532
589038924
324082442
407251382
399005222
17383121
281435665
668664359
676812722
68377769
90560516
686078117
38672920
550463402
341082817
156126303
482241414
249492240
782750009
232335476
903252671
254629909
282878570
299678708
261648374
758647855
738790664
31070858
634438287
267656481
135155987
751748534
626339461
316568250
597882219
883273732
473043461
983511836
758415134
930262098
676662615
591739625
869482280
900737352
205340102
388126584
908608190
898726534
952127030
221847463
359850718
916298485
498699420
357260417
572725000
634538863
348679679
669856333
651532641
258795004
235917106
145160589
149335495
690223101
920774852
761687845
575738922
999783268
671449230
13476554
511262293
708475563
704402813
910045230
44597061
258412550
417358472
373690701
495941452
703833012
650357050
887055002
109731619
443186115
64283351
897319482
111530820
104258286
885620874
919873141
114875137
232413381
707794252
145971007
836933795
989535870
873071394
803609013
42182834
571131775
206876473
996382157
678524725
518075293
1748611
130601595
74653313
518611215
649576401
619848380
97283595
472981077
905217314
248623594
558096289
472191169
607788882
183060954
277947573
355448413
797838381
625778998
794240916
690556063
934479972
588104927
247160122
546020245
992523781
534326753
192216913
350195430
449745875
889232141
286986448
421715370
249572787
752496245
665093091
997375413
333239311
329937962
145196519
603534812
817902834
100334010
604374604
989459982
547295971
758989395
74730523
717690838
131070177
397534653
279236000
132326166
806571480
45678232
150273699
953342978
598315475
806470629
322915926
142884959
623123902
814997342
113134228
767707056
41578362
673038639
7645915
935932566
258811241
431131300
282302805
585471904
561651178
465888856
89857863
432922525
653489506
304595628
144254092
713846632
8601614
586418929
577235976
928103366
216453549
23654013
147043303
765427999
381154922
667578311
132292399
125799515
946773067
753310890
349482708
430057288
832533480
239177347
173837035
876905926
676926740
780858938
420039086
955789285
985642002
543321881
848557531
642181853
309759514
471479025
616382078
970218362
18511937
412477273
107786131
443925007
206359517
67524952
601929297
1641976
736872186
712299891
726498032
909805791
855704254
233274796
421552932
280525612
239873362
907645073
14178412
186375410
588810884
695390675
512059864
569861211
645265803
725391262
144722020
390945609
454059644
286855306
148351646
315003432
648506938
436003728
711577302
952078693
762532159
541598428
673558940
942912413
279564004
737506881
977578951
326058955
798143447
527631727
254551820
517636165
768338115
215454539
581713555
906664993
152747748
320083640
876742147
621097980
260025232
101099723
219812498
660635843
789903616
228808208
994774654
660273077
954107922
358727134
22941408
156660342
55325729
310184332
375126443
886560351
418058994
186039446
627038856
94467298
269825127
504845340
205042830
10283330
60149807
544705506
508281192
148406854
951012633
459300331
503741695
272295263
224095741
264225218
175477323
299512292
490449541
240916674
480372406
199185860
613752586
679630414
397138069
340684046
174967069
294519981
41512649
966804420
209534478
75496632
558864995
413168423
205002445
761332692
127271921
905613077
123011054
916427008
309493975
54963587
589696710
999039311
397831825
93145154
667913806
524004374
826811917
85176357
178133453
200574958
509550058
455783738
192208494
98508289
64375476
837411338
760783229
712083485
601208985
72510508
911751585
86561830
18015457
327765770
11662074
938124008
352099051
144638128
346917702
72939506
285453639
504928135
3363780
314516085
25999215
125117501
653853259
382487445
190239212
189494439
551875123
689260823
316321550
111116463
53175011
548193568
108035691
372615120
883321186
579538347
342050620
74550007
998700687
878042635
1626351
606997008
766327904
725561714
215504234
729148812
74028595
177351922
273612247
903166900
575769003
892058884
364332057
299028814
976986145
901381930
71255958
1979957
942866010
61309405
593742841
915069
339206226
728168204
686762105
432413722
791069104
288880113
893581775
814713558
618609025
822485644
72671856
151283351
165212039
505058842
45305579
717224201
114811826
304119667
271170678
138317496
343769411
732691882
552370134
195049808
360863821
851630560
589329635
416022259
728278340
160912442
52317576
183170212
903989921
703687530
51424683
816262316
270671119
623747013
78914615
829279955
849748789
160905637
664607347
691025867
908634060
946374534
917106022
831625469
227332446
481906161
589323061
250710273
351419657
425677366
925098292
73475752
72527346
127290031
429495161
636824310
91216737
362926521
645989597
571933330
224737532
241810877
631053006
940042990
60727074
48549306
273471543
218263605
752728552
108898312
555408845
427943110
813310731
26861308
534277677
888094546
100503099
513635865
158006684
627158503
727211572
719768215
835892235
248726753
525487984
622920018
526659712
197344903
475151259
432237627
719316109
643549790
876742177
462845980
807697406
524531626
753719606
615823844
864177649
172259022
968047622
941598912
216702954
249620738
76332251
611705462
714833806
947716736
739673360
124133998
39890324
160111225
66236005
834995075
282401609
144550877
462618976
739963397
582779113
583857374
241097456
119886646
187415450
201783242
872046721
565824758
801752156
784843323
158691466
197932040
915210422
242766438
703504776
277861569
848507429
127163864
884021936
783131630
151700959
927786886
975224813
274063923
310574136
135695117
624937759
2922481
202233965
12676153
940961768
456417898
575345704
961753940
605129723
650664007
70984366
124820719
888473288
811101777
586706910
586088390
968401102
4713920
509797118
892360853
348615326
772411026
772381035
77164321
484704991
271175995
577886638
989719521
306272073
544393888
254836349
232028825
696516452
247075667
56801826
960233344
664372635
938965791
91329552
324989917
651479996
312964232
855600254
339319149
612698452
89137063
134204720
21866142
93040063
556453161
967554681
552674664
811553119
874453562
685382050
46645825
778431352
765690414
411137828
91353959
253162865
30751064
779974625
239204915
59461922
838211284
498959084
467625952
139102168
381848850
226754792
285817381
442741423
435548853
87035426
316519703
193435563
68520548
552330506
881547511
186406387
489013778
48857615
478530224
734075355
119145604
229300105
706805522
524474226
212151555
829073837
292765229
557363051
255157795
173718738
137303368
342726577
377935406
584834902
999208031
358635353
603960022
372062038
457593462
316407480
441164728
785461545
759824603
842651186
36164319
529144028
221799534
222648421
206795797
745992344
871893773
189159728
361034864
495927540
690789585
972832471
247711001
743346444
44117512
774828510
32498205
367895064
91269847
467867854
92851404
309050528
118185139
415649972
702558474
812265126
482116149
724362471
456444773
877409408
647007469
899238820
668944708
357566078
253161853
408969079
389253291
593920824
222815292
423224221
366385771
942008017
395517840
685395131
383551211
103264717
309975951
406070147
759962875
203450517
320423511
405054140
3481720
107705802
495602007
731581604
250353394
141097004
59791553
981985653
137980638
97609125
960737684
106687316
353596324
329453640
824241555
674391228
735473646
271179447
847080895
930119462
986877953
87998927
834409468
497619302
132483408
804758100
966489110
937458231
329592741
802516612
21359775
389442633
244875760
507459147
719051001
154926859
655289672
454348923
994642731
869999042
445345812
207894007
489319525
321810301
167626800
537910588
705361319
862631466
725611256
487410107
556717381
333381213
793593587
483612570
487374292
305051372
887901009
621149677
928988991
99216973
150774376
177253006
4407043
718630485
102922353
518877632
765449095
716420002
32370797
559165171
539009356
128875989
382881875
536657359
355661048
844132201
155671564
329975988
728632938
757321825
496984510
579192630
234192774
87646168
901153152
445272290
154082063
727292835
162201119
661627029
147326019
750632584
875341078
125261641
169624829
871764821
834041829
395557899
497807788
289699629
370442661
667232955
445973177
892632962
971795438
545140964
440289871
223209271
286589710
686340571
486021584
383577512
129059282
97337100
648979978
508042476
750731336
653231803
88847528
293503576
805769462
913176221
94364902
433843587
809220262
989452065
17186815
165924624
689530355
60700678
281628170
208329082
310568579
618311793
267170353
122677356
869663116
282531974
566555343
25719710
367871026
231629274
541229028
774679833
314264288
574625941
798408703
646313490
148440695
696411531
523767992
318091286
589081638
877414026
823443791
903257606
161235215
126532491
88223145
337487500
928270997
421261917
413236814
194185523
386062567
727811653
878513095
353767764
515620765
788643268
843900536
647565836
24697483
75958969
629654730
710644417
520599433
40330230
376991158
984250471
578197930
919877236
309485111
750746779
691771303
830731540
160384033
208985415
572146349
20566147
363019162
985224694
44556383
848002610
339823042
230683512
172860307
293682545
437526043
113904420
341952795
6213051
309363753
713381256
262552927
697510349
746442451
934730062
469098851
275262834
223141521
832043812
704082438
792099569
198518446
649077104
848331496
849725889
782592077
226573155
20983992
5963989
25797984
628744809
701927261
26419938
731681118
346446770
953023377
154065360
489312454
727560951
151542578
157162995
710680070
213327038
408234393
640241133
595346476
683429965
393784457
851222736
48718115
581683102
158466308
277590436
815426649
743728873
795579623
635061573
140005950
782105561
433740446
703646637
515410244
708856067
746739456
792264899
328491270
13394170
320990618
167151144
120015370
940812287
655801574
772356548
774534811
995517754
93547998
772542385
834278815
938239524
216583299
578664660
868332054
999768517
312631612
899937620
87731993
678920638
504430962
675764690
502291793
551738839
670452441
40438152
871889865
227571831
949208700
895271881
416413439
830376174
193986702
640722581
305115376
526439500
9264407
773124547
474640220
140353700
188392989
795295597
768234955
652045082
996604721
932092761
622477417
673296631
482344859
308220316
785880951
512290930
701947828
944703153
782982709
820773629
884809778
389612445
490982302
927994101
437302109
176038338
280817107
138544865
734687679
32272536
937870196
27283279
64439248
733113338
596723526
52128470
267715974
303633071
873809569
961187987
569426930
636298496
490969636
811893871
194879651
970530898
938957636
719814047
892034629
890970139
694504291
731114169
180699945
65324020
10387944
101164106
30693422
74791440
824486756
884600779
2380407
476647720
354801136
269627349
522327442
932914762
82363713
208162353
164703249
622475792
82807406
380603786
886211993
37700539
907117219
232490158
640863337
439350106
265558987
113395170
309031692
782278796
88166995
946818059
446330583
332355227
196263969
928150513
607710681
863975636
63973614
281308861
684318918
171263787
488522489
710027065
874789440
105782967
230633198
339160033
137614304
496171851
977949240
809565520
111684927
510416945
131122045
898657764
300203705
582438197
68965595
106888676
932872013
885538337
964357701
499868643
575463073
875030879
683637146
241970292
388400566
746425840
940577796
55256880
572868299
933872696
84442138
572080517
900678593
691190278
981171006
344508993
60947048
840648528
732591286
332536655
936424885
942500435
600783531
532478810
134658005
459204674
583286730
678796225
950021221
352412448
910618696
155418947
107218023
429925480
648642671
215378066
215988677
239237401
195929230
388807335
96399286
746707453
249748549
88741932
282794313
248340787
773399724
109174429
121148278
354091657
47333779
383705879
570509455
380665944
527581819
704719037
435740053
315231729
700060220
599384368
898217331
758845144
769550272
723853170
921978174
185185832
413421034
189180067
158578017
408891150
997490488
325537810
711091954
620107397
479725618
448628411
705115054
968932749
831967044
648212693
798439228
991950969
566904342
762043489
488685176
862592634
993488163
173894087
288889922
786333687
906810960
868861551
506490092
104601245
905187896
993903929
574110907
256618689
271030748
462417424
81230308
409447042
984064175
719196747
723749030
471337535
824843573
622656067
542974080
282840395
940067611
107570268
999311585
405657439
47116132
456520027
135337381
492979718
419177767
894992151
29571172
273810681
835176815
15262016
466155121
739726669
856384117
638321063
538077056
48991305
293271454
850303625
395664669
97930635
163628746
551299406
500519575
499473263
848225772
343181993
943102714
285492935
211197761
488006985
279218755
245728952
156018915
35555328
795475640
775188565
978829564
982066135
371322818
173292458
722433425
227088205
768069043
522421953
127610952
115183948
432116125
578539861
408278027
107990594
672628557
187349083
796917936
636870337
43052415
26433651
736537927
186278878
41145549
671321315
129506269
711684233
259420052
645156860
587041679
794176231
858464499
480638906
85264004
471211792
713563342
552999710
994376060
159730709
644458245
814957103
694427612
35079032
564629347
443145021
646695820
981281200
149304356
612724244
547352054
196808067
772386413
74200375
188148444
66581658
465002786
163964112
310065389
603197399
968033809
222255751
518205111
601456188
528106994
190541309
741252748
119597691
531718468
149134417
276375273
213008285
9799070
146202137
549603546
59382543
328558534
464189365
341860974
575808782
653850256
166141050
879274159
117188822
366764028
480157013
388973045
571432420
295846141
715479999
314516490
552618105
533310529
632424186
619287338
693137883
919297894
95280717
724077710
367813230
451274450
870740942
337586915
799548730
131494373
503743595
400053826
606135105
644805030
527102876
457080450
303687844
434260091
183981505
758066720
359567928
612098900
540537947
49340444
513204457
118686853
109694728
521199611
386231524
44117522
814276855
72758140
322468744
204242616
789357298
478454115
127517860
995916507
42584655
652146874
505867177
733057747
158053883
196279881
428077897
911825183
780034703
790693704
234007895
384033399
996084353
293696527
285455593
724425736
939912109
876407943
212658642
208573388
424085544
697234805
275119806
278786818
221400620
954792704
445780930
214014473
948689476
971878172
947381097
154634587
254438135
680055893
389625170
936195890
296852485
9841805
410356815
271986415
401954702
17654163
977409621
26371019
90527317
303249348
717019812
213469046
527370000
74001013
204029223
629723713
935309119
927805925
780189147
153196327
244677989
210601934
53915511
545958783
467165010
557626102
130209813
726770784
556403677
712501566
463598180
110528855
954166657
912907010
817488108
289199903
603387431
690680639
186806155
391368997
238204980
711944249
37933574
910665415
46584272
802661159
763615706
429511800
147415025
918807610
554185083
275981294
508707384
834018908
311406313
632524294
661854971
116635255
579033948
692356340
845219829
958902073
277487281
20355192
975907459
35404962
992935535
933279598
911408629
167692093
484230895
69719988
647655300
966295805
83115446
952063955
145643602
132175066
276307211
123607401
949408556
702213214
418654509
201903664
867296014
815184590
222133548
925793841
203067317
86001858
783934488
54336510
670011249
59772139
702165514
92239396
437649092
607595976
292780486
240798266
147303999
713113453
137074347
665698189
653787320
615779683
797987770
112800383
530249656
467085665
192145592
823329152
56776082
265310217
726902699
209531271
626444821
581943830
815376632
208931862
307315976
779476944
792415201
54711943
986732215
687937784
501029344
661733828
771567639
583624740
888397773
868993607
885242056
344560844
479469553
446443200
835852090
157000767
497512734
346544979
715563819
937541442
353073674
624903460
242905440
826157783
141883185
840099328
525096249
312113691
378613589
164580322
885595253
66513592
181980269
160176185
894220457
871917430
532809973
938704583
646783397
583713343
34338515
282984383
506291327
521146988
701399854
400740138
390789956
508828426
65259928
612121275
663238739
377627251
991789722
638876250
800248086
666012696
201542039
65752344
417376418
176135722
367268712
254668073
22403432
316370361
306671278
33586744
106988261
894558810
843855866
723210265
168643952
386544960
934692136
317005832
254849753
252976203
451660756
997085430
764717697
893746588
213468946
547310820
703750509
713355304
423510846
551394865
56826300
630069340
666373629
847838172
849940893
191744440
642371570
178185128
134571687
93861410
100485977
105772795
731964545
996345263
586312446
469992258
38468701
518476443
311512990
646341010
691124150
657263673
112000322
807469508
359535036
631642265
76900437
521484546
693168285
612734087
993814376
410857590
587434190
255448624
878040155
27273926
230895201
255300526
220674625
262982402
669232125
488619687
74081261
231780655
964798341
922077841
402482921
65783764
654659092
795630161
493537335
624827884
898736505
136743747
346235147
661697432
505142896
35249165
573637073
803588158
64637973
184306207
224707886
837613611
280519246
204131151
532156635
972259826
764852842
482237507
485746183
790041955
782207213
730623518
906174872
276953
215676504
528302563
802765822
101181130
217919303
216162858
521017694
54469080
176599147
25286380
561994058
89344692
106398344
630030328
929688585
94243101
290488615
24598879
643676778
706527705
593137983
266169391
97806403
556247363
779178878
894862815
853198090
741395764
75211564
243278562
622292000
566291497
918394529
360627513
746149710
653158158
196796342
463536322
682395107
19772130
786057947
53059797
64606994
228038415
57586788
544786993
848786481
495268919
124824022
514611289
250566193
457269011
212387332
991523582
795084259
974643923
261918764
517683352
276889742
93343091
958902969
941418594
229133262
373043694
20482550
354517062
236800633
928285378
914842910
85781789
47865792
228894249
837444009
865696036
366421362
429694287
617144699
571554869
150619740
153118619
868511802
247340878
189041550
314038032
912390782
21801192
276713144
614958686
993091357
316715285
543207279
361952824
526793424
406740803
532201643
701014875
9282568
153619096
228405270
842679045
73377162
856274038
539012234
370832578
522654886
98547739
833710604
856010908
505626877
13914117
369671762
612341654
248955938
209519383
218107379
99577762
362207565
239922961
267222351
384000523
766201975
266367240
296463997
595763663
611712258
973062784
74924403
27230386
84242973
679025318
595451070
755234634
40329580
346993098
234919069
986093327
986627020
725236505
805142927
837401328
226158125
431809306
778540454
960796397
136731142
722407481
293815597
801958366
398285758
249616124
441177951
756253527
888136988
130604644
770665806
904530751
718831406
257861919
792597061
565991102
456372197
949269291
883639461
510463186
600049784
218380156
601183218
846278845
146347757
990553990
912978246
63608125
948721481
183646782
372858708
775960195
576466864
262695222
339666985
218385409
198763296
138968449
60555576
580594401
115323277
263740300
601579211
417865215
36666216
676665868
536668417
594396654
552939145
756589818
16342730
524878211
665856490
727097202
256668567
765166343
679688332
79042132
882080541
393103258
304514060
197824172
61245677
274784435
717800986
727688016
438131696
542195988
261793962
375092209
498359589
64639387
31233897
227766554
701435267
823171849
694548381
886726733
95359488
235202902
344846302
38209827
280309611
527740016
37150919
936125292
309544780
67584062
41134979
54088611
688774239
521582475
113426436
672924200
785393547
614693152
160899912
133753032
414443622
637080046
472257607
5113739
637652678
894323456
790577276
2589970
511944619
572518665
16323564
501137049
103410769
280708583
193004138
395194985
537530295
343831299
364208644
802547219
661062222
3234992
149378816
176523619
660566611
11610083
711153864
662589366
827046624
90233465
234164428
370042515
162233688
176814023
232247744
980060267
9640135
484467270
250565010
250990066
923704702
187445485
753242618
987320258
827075176
961859688
300402151
902254127
628529349
916307829
845414255
674316512
490827715
175138480
700159225
105520781
400629806
390628531
663499308
610466946
679399129
748918513
291298915
10232800
393204245
144478109
858143934
270876042
367978492
884514111
184885939
745099433
403041530
285458495
516757272
965464468
471022237
172929448
993348780
16374247
747899070
654941906
955711975
111824369
125126627
469988683
602691833
628771659
17788270
931363272
114761205
58928046
51918189
503126226
783631449
654315740
225157696
291538680
343709450
277722504
365164936
193048476
659823190
158078258
534724339
151444022
243358007
214352723
321571693
472769393
472183557
629509816
934747062
190572822
824834243
874047966
998319841
438295096
901460737
79414498
816374321
539575581
144534676
551604727
895032282
473142611
418977880
184513220
840317497
476084825
132164961
449538566
336730979
537457472
631871923
627233248
446067205
245372443
263463553
650151596
14365723
516603475
107674857
254525190
196700124
794628480
207854741
625600506
110552729
924285172
286723803
35536284
504339117
626581090
273731428
999040248
839817350
718374651
74109367
894317529
807147348
108548500
998988401
995352503
886242682
249821407
411249890
586452044
412600507
102113743
492847983
659301954
830343036
369444953
943804446
649249384
8827216
327250358
245787964
950615247
365657017
49729096
675480804
117960210
81724182
820279433
220291417
410163859
550439595
562536647
197906413
115862779
852732444
331692908
81186078
603457861
711355951
461373258
800024777
327598479
738768521
636214119
761867833
505300541
809507979
758478111
847292347
272983141
191551150
81824654
877133728
298677158
464717489
954761281
278034185
400817977
198376228
477721800
685193827
552649525
575202579
104293671
645580917
659599142
58623535
643676288
371160187
19356781
135539012
877292610
17017480
467495537
132048457
887471968
373718836
375227048
185631426
107026252
474636178
228590287
235227405
639864609
940464906
862901377
176988980
732140321
501735580
170413351
890923264
600406542
511782229
438797011
111043653
32853223
224658388
558399454
284690563
734281186
327530350
168123129
731994886
403079129
192200954
471811215
979052721
660843874
735622041
884476169
724935248
811434143
756481985
793082245
229550196
217092959
771480454
132359841
784979670
576179414
665355156
601827642
993795000
458834221
469328168
318726466
616532210
828563588
33357199
242813806
25564805
706439436
975818150
880950782
101371458
288076051
990412183
332173166
398372461
142924370
503872326
844265031
96362839
717439690
147665114
633130918
316326964
994442929
21025756
980870678
308589468
151509417
359895319
941044616
945664220
722383858
262010885
404176443
902993622
304962093
101494703
838416402
595637317
458531241
370655776
575678822
686196781
763142338
912294669
297555664
720816969
669866144
614929029
372181585
557052682
97061322
377697780
986308355
587365615
924333453
392541324
722927646
49075183
538067389
153645206
988380958
650176523
334720627
267841297
323756372
301089298
101963126
390601980
256657682
503984872
746176713
164527988
545474593
218285053
817335482
826284918
154733883
917702353
135787767
695261314
630295594
740003517
218209166
926182674
443015460
386205418
375665783
269698409
811785629
113682406
67609146
323606230
519762214
990437903
18786093
61013760
223541017
872818985
39175101
116739509
433205972
863845004
864352574
809246470
172720827
699223775
685226511
105254583
163545224
232593282
852223557
266001641
736746365
198695127
914275617
21869790
762781413
162395268
297016481
26953325
459136641
37706498
671088507
386061602
758318602
563861226
447299189
404670113
88390751
548059798
264937544
556539440
51594933
40894190
290910565
405835574
138037160
368493276
196244333
820074810
575265850
231255123
634863332
325713464
968596943
586170943
994357576
221721219
18976837
650996403
770416821
300223569
564554351
985389696
340656841
370163685
866867578
85894774
862316804
771103980
298486407
469171363
187864012
589645883
982173736
780878328
307906771
623233153
397092903
573597862
423466612
818870329
746264649
460349322
31418826
358032545
736640515
638152319
749072837
625481094
573335372
802247918
163853113
342781131
955678179
670414835
14624415
100367434
282339675
351478604
584119227
344890431
831290167
976637842
666789821
277721158
366579275
325254274
442065649
498257818
624492203
99835806
612568265
101928472
717266395
633156124
969670631
294560023
25421565
149784553
167772026
583077792
333270746
662269280
958265211
333958685
9938355
31636043
124761169
520745900
708055350
625922657
155990988
397293662
709358290
412513107
638999330
15387720
203009521
215193631
273354233
431774680
440840459
198435042
646173041
431516949
434312578
156359355
798195800
50961008
850928237
231627915
642490066
370487735
711219045
40091498
262771478
493613944
158935268
296199339
615624585
586663624
517523291
746271734
800327003
76749502
248627083
754617362
756781850
330229494
212846198
409200333
82592803
219131803
400922879
354307787
906090831
488960601
438498230
885093955
874352657
152568030
294949349
55825507
32015004
406588099
632248902
740629254
594336456
169331035
181270035
434132919
96932848
804715537
846142132
243058501
779961120
979049283
156476725
908766779
316543259
438228732
661390550
788014238
667053226
282685426
204854079
70630499
232601241
54879677
992156220
889832398
472338912
412469100
54853190
746992080
939012670
286729292
924715223
505720742
636948499
814762560
233811020
422194971
912950318
319962412
966612936
629654194
412572787
12851089
772022518
163921484
886183043
984187775
31908430
768757357
705140388
615412609
696019348
555281141
539971632
659965515
737535039
645684482
690854315
564790214
518363573
767527284
136879469
835387083
178081876
48826357
559875240
224882186
872363898
19340696
688014644
256929176
371489484
335822717
688065483
166535214
861860573
589946089
764065441
55213570
540633147
979143551
423810777
629053248
413398976
801415276
960336413
661452774
87992976
222407591
150023313
119649695
922268241
27425343
465962472
24024016
418813583
111909318
96011241
672075903
175004031
879224501
269088059
756454599
122586202
400868451
426680565
661401077
416910571
604710264
599477547
490475934
531723721
39709382
709238937
426355998
828245311
653044641
912472168
701550645
960845473
26927648
477007014
59641337
498458769
989177458
609831060
317733176
6908925
749171273
77618434
435320636
535630609
516966273
376103659
383024616
17076843
545649148
582839366
313185239
68721287
985451958
252199415
420786467
88990487
105591996
355334554
262370212
358275654
877840802
273134549
176386722
156395319
854187193
15768189
450464988
260436851
295247701
883564642
727508863
814019204
254980737
958513352
156742889
571463564
863377462
572487617
306887188
968476413
823101274
2907269
442013575
389829481
160502118
656434283
189512525
918614519
491181427
221603212
872967600
545119846
188196281
270140232
425468551
147691690
36782960
384680645
211625655
375225313
152500394
789425416
446575925
174699962
361619000
606402781
306105326
199236967
737122642
439910623
502182156
926857002
40521033
994689033
63843355
158744920
307257071
889419137
541783064
967919867
767076316
625398035
987146551
543378667
292077146
752405643
910068367
589119835
781588028
617381789
796934013
454135842
516529233
951646027
95979016
500867929
359838800
271970433
85086656
299897639
63357680
971063923
608039645
939881266
186858817
633995635
325382867
779739563
246857414
265405809
40305301
217129813
231328687
515580380
726300544
954891454
833177898
295748399
277842116
553227977
58961423
777017961
541140256
402966691
433780148
126714129
294966152
321332364
687531693
533619602
202233251
730303327
835028143
471234051
984317818
122054629
658132020
455610546
906726593
401465593
73367687
691487945
515233697
755925866
732063935
936700079
420654933
248396434
756330546
450010855
479762153
813688570
434918236
810434007
886216684
598690058
597018763
571817
817182438
449924787
679182152
158148914
14837158
968238160
443033156
271326575
115703478
24555919
691614347
515000771
200263603
458451197
822165879
255166759
412254194
241247044
960257267
252468706
242768896
209947158
761317952
834870631
213970850
856906711
877662658
364217081
718350457
357704347
893586790
792391910
293847765
200373173
50508855
354373553
846989219
587622348
779258043
116048618
991240259
702019930
88569717
55468208
802480099
846707851
986539930
83404567
92518020
292362424
163775324
172630201
884960050
613375480
227597313
294651468
843317108
526683534
992786478
338751235
48548861
702124834
214893219
166320337
644989455
297967269
32455289
769279184
545929713
179709400
515709640
131957242
675851252
728643714
550937899
126609154
36175449
574378095
581991787
713620968
636767479
378764003
156163997
642455290
72001130
37372449
578668029
451552667
416235578
977788761
718988492
869419952
619363034
860171466
18518925
958278722
10770768
249053185
105301434
315246389
442910634
68154508
339947945
756789362
146452171
779582930
752029633
796941127
618924807
519339226
944597948
783210466
603386399
875873502
886141150
204596806
23083680
528321279
116425168
757448412
483265552
976274366
759630955
238081240
692091657
283731476
184950943
20300548
164061100
774630365
293995000
970236095
545539069
452909538
97468932
681444752
889367267
574703695
951457795
538525056
218395108
465866791
644990243
279028794
5902081
670071865
578017487
982174546
236562193
959366162
232480183
239460015
473894553
341507113
583939133
211047986
926695742
596903306
439676343
854140594
310589793
317437119
508757680
351956767
149637358
194640160
714544729
258447021
330470175
722929027
8596065
614760520
796147629
243222159
443690079
102467739
323987865
160447450
988311117
746243348
878636553
365233765
993499155
566898312
131445623
631255301
709004222
370831083
342719359
226759554
181318457
616607257
862278581
284634530
206707683
346873187
624244788
10682757
63362
171542358
431100403
61191733
84088703
366821853
442752739
938140265
804343062
565940527
85255352
201168760
980033830
668665693
861641214
571329019
900038810
237825778
796587560
804412639
522153005
857640095
826403611
283064960
148379540
253189865
110725408
24105363
90765195
995108429
515165598
440768728
842912192
998844971
431491328
928167508
79571407
210599322
594041733
176632323
373593441
88494124
437742231
529015705
293185721
593201494
623214986
27953236
496373959
98952499
228743907
4190187
94012828
199345997
129798753
791435449
824333257
163509917
380141722
660394544
548026267
604310545
957250021
205372294
962558831
419607858
995144883
609256291
771995218
721252643
664723045
470852053
319516383
810276807
147313161
573343907
266277961
518171074
11866340
707438502
429297149
473047586
543857504
524933011
865305781
271441263
63438699
22710853
582109374
166806604
866594391
489614625
299925939
268372939
755442837
664473442
302483360
471073828
773820003
375507838
360953780
497111077
699921214
309966316
413990192
53352144
184185508
851019293
330133958
211435392
638084285
636876720
949316592
313672522
37256583
204754368
639212199
661332628
909640158
60529985
787396553
252653860
681698256
472760641
592178987
471560663
115318114
86533519
244967661
731721258
231131441
288288729
25343625
218602103
941510375
233028459
576988589
301188393
554972226
350416091
168396697
242240870
612345858
440852289
302885108
249335542
44304097
490339360
686249549
43774289
160604307
914100669
712715511
209744673
815726722
840321847
913456329
448055270
17136157
726302832
102107905
385010143
393767096
600562227
575729958
457520146
590523152
232976339
829970490
808447112
32437667
569752297
265183788
849873878
340171623
255474977
86852677
247137815
80695556
998072272
661175479
751502485
393456476
881502628
523815753
230518763
336113756
751973932
940979863
465627098
24343111
46339350
367445374
593529435
838240721
800980220
483676042
233800019
832765400
342138011
537419320
535619810
147469671
690117807
633700316
470031065
744468325
768441602
734551824
909205299
896946879
608885230
107506876
23805044
976886932
200995092
541117710
996121883
845038899
697500372
700886110
578087363
38174392
185835468
10950297
825460035
210576114
794224997
161448527
985839112
455188595
799003948
156571837
415108327
934814971
524861310
77824155
419206669
58919285
168167352
159289551
780091648
385425880
392274673
997534224
713307177
250028403
412870747
612527902
184248150
626172104
927927376
46164159
893603435
459413781
377439271
166161220
880700126
710323959
498964825
282594728
194232288
963172760
133236707
880117178
31711790
976771853
886848520
406667107
407593764
336072781
928494583
992801324
681405159
80529657
440475164
745916250
83733480
658177346
389927394
224348962
857836330
988452456
175266216
352718667
269467307
173011708
899669799
398386297
31736201
702314847
837756662
721277205
100978485
95490671
345300135
250359911
464972897
831490431
748411101
567093590
176782511
924023376
908511058
260077087
550903817
947917765
696458190
955377876
803201899
623553816
236635160
205868649
657202042
680649354
858773538
914870850
216693190
335087694
430216974
908726303
767873942
574335249
530528189
561245080
297809208
631305717
930534587
663158135
433403171
461170440
709658675
867641184
932000825
886866936
568268475
279917746
56240361
862618409
255109537
228586905
3710052
357485922
571873406
178368016
169845950
637602913
875788910
992913545
52307562
67946370
347190854
797424099
442249120
243011296
303832308
663896062
395041562
95513708
909929447
500356820
389730368
246083955
468258034
910315525
95506801
48498908
352075115
740711776
91300706
679833791
58290511
378078728
230407287
238481999
641791294
161103060
595393368
427013780
169726821
176502615
74908483
986404540
873746989
398440258
16562943
920550022
121038642
148468661
345469727
137608117
564896322
76240516
132818829
140358066
991127771
761786210
811335932
259300635
994334796
290030527
108715817
94485118
111677891
239801599
163723646
136960599
15910092
737757489
542607358
384523553
780693562
868558053
7293782
640060773
353900664
65250453
105957837
187948650
802350907
491825888
406037125
442571195
612140499
148075837
833320700
748209596
261646059
103075014
670957810
887016785
533748119
455695107
549583018
366086701
977805364
796016449
683269168
118216502
149144759
934570038
375327526
279735199
683392047
219689363
942419153
112868880
14298399
134581890
252946053
257752778
745742546
144970877
161763520
346629245
966377662
987344287
942898566
82708852
534951150
258517601
302491051
949975207
545725849
772373162
665022240
235703531
696046785
70441951
124003287
472553135
86134797
69684162
685208135
230220122
685702614
962234385
955373174
482676215
558232997
50891415
27717242
10164030
266049971
128286520
802705107
783004987
53656085
435003100
215590455
191609297
359533019
929580234
421796468
231006143
585181513
932754613
998061308
887211344
760915841
803699362
132741674
425091687
756789915
997582899
222968876
419697355
159968771
197855911
817113894
354980012
155697786
70588932
84252930
407457573
846532026
971431808
369033642
927064259
35086924
503345401
542427716
289986328
322008259
430991176
915975343
265408562
866992321
34876685
412780098
82299084
901867951
344259954
456463443
774718603
930372918
770182070
667352907
918459779
927621832
875881435
625071816
357970516
493947273
507013016
888316767
315390599
232398348
232954114
651249775
539841935
287792953
395794674
69576587
898015073
90695404
951700030
431655396
947036004
513142867
205362488
361412598
47094786
679969529
825234009
81801957
396349283
901479885
828044642
141961562
769825164
698058888
409678205
79186292
573749329
142857936
184597725
936217335
506657611
675569554
706504856
31306231
678494961
50703674
770953726
263087123
941521098
825779527
432426206
641086342
137954734
796186886
714811657
768461624
609399027
172697972
482260412
435448861
212584792
442106013
777011994
605464134
71136383
167006018
126299476
541589958
481321200
567073869
569671275
135040079
894728513
644794
904683406
46964172
956732688
82555531
304881820
737684292
337608772
105068415
439067816
330251636
527904166
970285918
695467515
762398494
765460713
148749258
55436145
236029591
379181472
256860163
245761254
130814533
597712529
663425691
761985700
789392707
852540225
143046801
166499090
274744680
269590235
427880313
889811604
522032787
298251332
916091956
807270138
994727688
850218689
901653938
315259040
899926241
146876542
700781991
226071042
7555243
686784006
11790286
297404591
655711038
637786935
260012946
273981466
776583846
564796773
883076340
888393650
884709480
260517027
697232815
83190223
958514998
220169072
986069567
370337023
68203526
643579096
866550930
273186702
970531257
556198640
673512849
725323046
719952340
110017227
96741398
854262449
421747587
817991446
132680816
902125460
74420226
361785316
480065695
551457427
463249591
558616147
490086487
181807244
925158103
448777614
627091096
539175428
601334531
163740459
746986151
80572519
828511698
302835303
581879094
75475140
730325058
457349487
322975955
476383501
812247604
710226319
118272637
721952972
593970158
202189128
34887778
303197474
420195125
724709379
14916282
42293554
514401643
507678141
259308494
690189253
104673982
958897528
929252340
973483084
814172079
253771115
831372992
754622992
418069571
586165322
370725118
248075773
816048598
643482067
120638477
351090348
764910611
955515548
446446651
977893998
85052515
56552897
465233657
488518021
876369208
415142472
79339881
882070313
197227509
708072897
919217598
46618767
329369891
279382126
897550792
321073876
468348296
781767101
833975503
818275113
891403951
158303171
43994480
138456780
375259720
206118556
627616759
334341707
183891791
389414092
942815469
874758117
91619059
791685573
590785325
777517115
431777384
174198723
279278453
592356369
128561099
470161507
859434936
353417734
999452128
213849135
988242164
38217501
254163334
768415516
168007159
421206536
767942481
425579830
769010375
760622304
999423618
588098751
910556681
212706199
819386100
416025355
88611544
543172730
435215997
268850441
515523696
77551928
680941937
692901472
124046497
674007035
355615049
832360712
619157285
847653446
329807782
726048703
631869785
59210049
828756193
359644814
198278644
129771197
35925031
34934959
366449752
683177357
674094774
939109910
745194956
859324626
401439417
169119962
91458219
966354369
138268818
422421835
993806734
306527855
586336329
656318146
550318714
154154754
249830632
49436622
389948728
608513371
748338983
593609300
600407234
915937658
156320494
698799900
256357014
707243037
588677979
459836854
755770392
649975045
540122473
31402180
980312464
381375687
638561783
133202373
233553355
516208257
502527448
356628593
841647775
882506952
779968808
848042858
797513790
657921923
317643905
925272381
577766913
761011155
230035509
681587635
842181894
15858874
369625445
568165851
705986885
768332828
963218523
554377041
480787383
470672917
378928244
185514841
406312743
354267068
600944885
106373951
830443757
752206123
27862646
580050823
831644496
660456215
866189721
653848349
412121640
384118835
45452478
245826997
939766378
579812947
695700869
769494019
12842509
641915418
376475529
142873705
604767097
971270140
34075610
663741503
486950168
624708083
706801612
306116743
267079418
914028128
65623193
817152815
354087189
715962037
990919906
927586448
734302299
369680284
187193014
389650308
530638685
237810067
132489851
308072809
623668036
988041768
294003583
556450432
996646808
117587486
69517334
805312772
571898760
546773045
151184340
737063044
222724798
489902188
198244727
522603355
497927872
886585352
335782917
672930943
300127562
290028032
799306452
687595155
796014206
279014343
441605245
231446473
816754890
205821700
518250067
825794963
165605207
61720636
690772962
863860616
389625004
44362227
485219619
705831785
331769568
994219182
72153858
474358062
837696908
527698920
29740137
98119514
127407999
517680446
97570016
830185801
197943260
146924700
400216480
636145989
963885628
300043339
3174448
942761163
141461562
549418363
320828284
553663750
127942962
135651268
150000145
823972934
963082596
899443814
507321414
491313643
744639802
94453762
206405016
706501642
439921759
24745756
517291731
476694877
641308735
679480112
484088645
176509971
972567355
196379702
345057993
980554716
784591004
713592031
971564084
923125884
82912552
643060363
582576089
656720767
392055879
171879801
231857840
248297674
784681879
151738162
421035535
398004845
338910022
654941938
700120280
418336253
334521244
956418640
891111332
468119841
765395297
408627327
358373006
59707704
433362740
279230068
476092803
209271048
900699668
706188682
237025099
505399157
565697053
717934042
101547084
367798107
764178529
103607327
92031872
401120433
26868397
835342821
839692965
652197333
100677917
783319671
699766696
288894109
402495783
356280903
421113492
56825526
117861297
744969626
435413054
671352229
222146700
67304535
571448028
222929524
747182782
927344112
183477164
910563998
423621011
420557820
926347472
74116766
557722530
316203579
707230569
523299840
85048445
260595831
452079464
282345046
359611591
151741349
272057258
855511882
712566776
9350183
324956771
18924934
791826342
422434035
741403403
136038661
375160072
88827144
918777199
195113762
920696888
149676644
734984589
670176127
783938633
50358575
629803257
264733605
207686689
224406513
873722507
994121175
989915378
142698882
462840065
157192485
434546495
511172692
408179045
215531874
897360614
28666444
289076619
883207368
457856069
706027152
23843587
666948466
137365992
278469430
788806159
764362286
475600493
528807682
57940573
1499044
668223311
554740805
616468251
169294277
822585547
915136486
990607503
918853840
340467910
859462100
370824163
456581772
401972901
756733433
392639302
167782589
434793194
98829421
282918883
747723221
736283385
892186806
382710358
601145785
618873996
254229084
46414459
685268965
388862819
792110639
177209426
958218940
29449471
242707712
514665663
78183558
751782738
119851424
416013231
848135407
330005120
78671580
581022505
599931577
880228119
773408928
276051202
343156121
162701781
967294008
438360590
5860428
589902274
305985053
859531132
837830682
319256503
185333278
236919649
242415120
381968470
374911797
521107357
617521466
527489553
606161102
206333817
284601227
430962576
270646030
416358947
319065696
915199585
596967474
213095734
432056588
484739390
165445197
85326858
820045418
835797611
14996289
650715401
569608519
294295629
736759126
429071312
280973263
296058506
956154249
569274739
724559044
431993244
224095570
852926804
452851452
935280040
193502671
483250850
279860956
840891049
255458656
574432405
705070974
85861447
529915011
748342140
999661226
980838943
17111466
256997758
747638081
123663830
896464238
114967122
359894606
789447074
281171096
462822110
11373737
481219952
531533476
709172974
704655348
748405255
953110312
187214246
53215240
759070870
926701770
631907233
633545920
36107201
135371628
642970547
797141260
452773855
622717649
586751945
727420016
121215463
381355777
650633410
386887197
233007737
892412085
357049713
142168067
752314935
177939271
405385296
633970755
843759280
271695257
882644460
99017369
257188521
675821363
229208446
21740043
101447783
148147220
495794521
611687943
86292219
662527971
490732365
463596135
553236644
783179364
543807149
190815804
952630633
420880011
262475211
713373724
109018885
528033746
257620016
658320180
978759629
266708165
95474119
259650345
432097979
516469792
394649579
35599352
473725892
347900571
356228900
106309897
673934589
751673979
869853115
266227872
931953552
88733412
190737454
971811828
215850040
945457175
426050369
676538836
460422485
818465967
409293869
871033639
463634975
579225802
938530689
767117462
389461543
549866848
82090783
373543738
617494680
656149072
344474280
14572725
213259106
494088533
194879166
544451802
130532217
659640683
693857414
213242690
746381399
281870247
522932771
942375630
797923895
127712709
306749145
152101896
83463390
51415319
678589796
69137425
83389481
217695339
988785294
94102521
921540386
77612071
425326528
399567623
169002982
562202924
673192911
794652586
214152195
563875956
299230982
885340084
220916355
28324119
809732198
662943926
684066723
401214811
196947053
241796909
267204956
65659213
579488504
532260222
562801414
372610350
632836064
238132579
216253654
743377230
269019439
143363614
742448165
84842367
496116552
306932917
759359124
373760499
169395902
501829016
601556635
942871693
127032694
745716500
273338112
319019449
544980451
944923548
231772105
961851824
721830055
583640987
876652686
525133512
757715212
178982233
825129009
993389466
3722158
58030400
804971419
342760371
18378142
944973092
360868495
259153303
339848408
732915653
656090551
940573892
264259645
229647194
730947906
28832527
653569536
917902206
124708040
574861724
433108684
869131193
135259385
760243693
350291487
742839172
51022797
336359511
843837108
893743213
911677541
479167884
544197713
778197730
724473761
439502550
490289745
196050923
875137734
230166118
267356437
940922685
101338754
199994031
743676226
532454002
785230484
577070158
477000771
295361014
217798838
323469399
47721683
249498358
78479412
126452521
757603600
92601132
601965218
499674585
112940630
899451728
194557424
138123002
572798434
555112032
145534339
245945652
769134339
879344664
192927913
689470972
902104865
807752083
706205710
974344962
530229241
675151217
337264182
955655793
999927772
101647522
249307596
711208343
20880806
577157577
976300067
304197804
94533027
816083426
875717804
260207194
538597722
323176880
750966790
444679800
726337752
221668621
528129477
799193081
615542585
34106760
410246593
908811962
465745489
542793389
244152202
773543182
194005295
222431602
483686741
52063918
952152878
373529359
810448720
185272485
645678675
854443593
5902005
885657911
238690728
866714849
152689581
489615927
742193173
219029522
117343704
472154401
656821098
65542319
115056672
600360874
643490756
129811617
716039399
163307963
603752031
77505654
196899105
105011693
216732297
408181831
869340725
866971359
154660872
413133038
10943753
184074692
487933125
865604747
560066995
825117291
767622779
966708873
690247203
394478780
139587428
255000626
378550192
68800376
619161116
80971634
293339921
182081132
225639809
993584902
55413224
454668188
836754641
18941622
622643129
552529155
38130905
140459538
404340256
317918259
997718243
212150041
232160601
322504219
483905514
595121115
763487409
762934619
265848381
176010704
95737085
652737646
592510496
426220114
466562188
134084189
124855343
803475626
218984349
247876911
413404368
735795679
338290116
536856525
923190436
239037525
575913642
132702299
115599314
240063980
134996354
779379177
550922469
896834507
488758715
989135512
379551056
259690687
709299092
789795793
500946550
283588681
738548773
445680240
469672599
566529905
766143280
11090062
72767855
525389212
864540445
425840947
920586815
38336371
142266082
381258788
11595531
982668974
503750004
464658226
911676666
16110053
896271240
844201912
532637392
646106614
142540095
10110783
55740194
225504460
653214766
382040302
804863019
338449107
64967612
316537302
983919155
638277552
652014708
150108695
320819526
122667894
673040974
295950935
870703012
133243700
238844490
795762769
717056368
172974392
199189941
464926880
530735635
666037478
287942569
219308173
778880188
722358787
846589443
785106946
263374098
582012835
278566092
40553610
114167628
55073346
348973302
597519885
27580661
748417851
934373036
127610568
696882131
92808554
691924411
714405346
40263599
815337958
859934477
385965171
6325000
14942170
942406491
427704763
825154684
600504471
8914652
36661476
288824657
724154541
618301000
710502686
598092895
281569398
155812403
749197856
981291771
43997799
420271038
788766900
621669848
499854625
119616592
959243022
166255951
208872698
810409919
42440350
845977448
215520681
39071760
762671536
6264405
274494970
268453460
232474027
720146022
465948088
375374069
136607207
97253480
669978462
496248418
766463538
283076632
628906309
31429097
27393072
824389976
649943793
441678891
99947429
199622556
352408169
162787254
199578672
81124877
15348214
539428554
192345224
607780150
75534699
759747134
572642392
50536985
390460972
531880391
450057530
435409387
56227091
729212979
395050312
559070915
198367524
332089214
312749660
669321237
525878586
696885658
791744768
976469348
841615987
670732499
248917
857128934
149970376
114662033
756309228
352835439
206296048
381001755
199667096
902808552
816653610
309443085
140334125
286007049
17946441
743992367
537683049
346448971
393482736
850710008
431425379
754214523
543161986
730576114
568736792
777927209
518615617
831263524
893655017
626258512
449467840
5615023
958121604
418852741
372512635
318609833
335185322
478922160
142617451
538402153
10247701
878419141
174951334
68903490
367534703
740710591
26473220
610508256
428774467
115209264
292824193
315711313
476188147
894713444
159984388
263202775
167261404
409750704
370430849
834194561
34908635
354561410
337573373
36661230
503959306
330090440
487205089
983677484
191194165
582868729
53197492
279564821
19604277
209090834
831247636
262636976
583660683
94969856
598080118
888336328
539233664
88468796
202711266
272548365
362934564
806056053
686115961
45392449
332539550
95698824
920084412
981841871
154185546
159707051
614146207
822318775
190521552
496377039
120386784
853953905
747683744
986207282
787641200
375143622
333248870
439075075
578963093
770212999
583216767
376965168
660325445
58486560
71506007
291120657
574557285
288573080
194526921
740962592
69512017
337590487
494683683
472124869
493714087
220595300
598505538
983770392
288864586
334457075
612092166
545243561
183969821
922182872
910115660
795037045
946429614
537736759
765742892
417848005
451203919
266350107
202325361
925809274
743740448
49449138
797366893
409355756
602085495
206892203
590046500
308572350
393075013
75728036
730940851
537955732
499437059
504593166
371799042
523186946
307290064
211724750
785113371
311700101
738183939
78475958
811219465
760314762
709766031
216433517
165763621
956699503
518820133
319979469
177063568
450662980
518657550
126138946
805001738
416423268
947441405
653646298
213464403
828069065
405927836
381069316
986445953
754869523
9154800
521432458
172918389
904933657
120478451
188803379
334768865
329088635
416090464
16713190
164151675
216830969
75433399
665199939
19479726
585213640
532370637
23381348
227904782
473233617
239046595
323433788
230367776
974839162
816844057
198227180
200036591
548979863
116331327
922017128
374034512
19445649
876175863
320635536
959175627
481402580
863749758
854586605
720927560
882966236
555932048
343731805
218808445
531488947
947251947
95484562
579194192
74383878
152599846
521984175
686539146
698945381
456163392
22672400
316268471
750122045
42324074
886134866
907912923
56357978
840741521
66773438
828921782
200413550
72557660
542557549
484030268
289204663
784805719
577145877
689609112
804066829
582138098
427525449
317833765
985002551
838009202
689436105
146410127
731505535
735094110
456259755
646553440
215606017
36736946
26668736
566668747
761328982
772897048
430219903
612442732
153205202
515496187
230162129
71327097
278438492
576418403
180650038
826584609
216959283
233266520
824622156
222589605
232336723
137161241
218864174
446157911
606442719
106147428
829147673
238945973
722500545
799975933
483390723
280691257
446776488
216395396
305234188
814532052
933116114
182143003
177204267
43165807
3408189
251685275
733625858
667172145
248290995
263909164
178226022
216837300
527586074
68112968
615857485
459114123
290448256
915797119
848715561
444233456
674477851
20164790
144275220
71049446
185811149
973761435
320376121
453176300
396159892
668129063
557932257
993403263
417353738
280674728
194245440
566711797
806127521
373597375
385344375
217310527
271453013
896484435
510445283
739532546
749217230
484775681
68442921
711541642
982735572
558651229
355688069
446750109
600174855
897979241
890686678
38143091
804133110
301999925
641016938
218398904
51402785
206645544
356456817
781027968
86325856
581394389
671589751
245842177
278265408
227652985
746402044
287048972
429910590
260841188
148365126
250965964
917032311
802203346
34175515
53028179
314357348
62604237
961444927
535732362
28767568
14898462
137712983
500729974
13272206
673102203
682445813
186725084
917378388
491435908
971317871
539291341
517799684
437033803
306487108
655880686
30607906
241001662
287807405
561121801
862481836
893795155
609192865
573384669
300536221
840779459
712875263
486935830
196528678
66463888
14098027
731826058
8015142
126016096
250705748
852670360
981393072
884138399
865989514
505239534
862510494
579745175
25157878
236394737
199868599
93695649
155990373
880907093
727070523
196347788
993377941
521759763
729789844
723000113
719556693
320938028
710444572
957614477
764729853
722793646
189492604
170190094
261306038
687834479
283555743
940642168
678228789
854572551
112031716
633484184
138846641
561324009
696602655
568708134
476359297
366781775
767687346
590555170
251255584
109508844
3479722
88843511
951778456
970480724
897975298
814652630
436250299
973861822
673241061
263360727
192599011
655800826
648772265
295951367
430581742
537590523
4531296
12653944
73017904
152283225
146013219
79950582
476919428
576453293
968050688
82207850
7716225
797774392
172152834
543543845
967330922
458339139
676637632
102993092
769394831
141113782
391593678
173121349
460916894
136890661
591286762
976039198
647447766
772364675
792615587
856343335
848602195
372617018
385992115
687321500
585711018
21034910
589791939
273126
214145351
834112325
404856056
679792058
765979040
222880336
97640790
246365181
870288270
658461681
92495376
811872988
306323929
74077589
614858787
713387366
575119377
402151073
306321884
302659553
269664498
759037641
74823814
493536176
370362308
33379017
330929761
58491633
923433579
401021232
269159859
223961181
230007320
744674552
447121540
19435375
599224661
443927980
863076204
582680373
315543998
256971854
476528337
965650323
108966278
497356407
45776416
489823389
202253206
607369579
131910386
719266227
80892396
286718609
23181462
786306918
452964363
433290461
933101431
245171165
227950931
990766226
980738490
245893910
149468090
466798595
210732977
627238987
47753310
218044210
763456150
858624665
330669646
265780957
598871671
419759342
237553514
884199684
868162450
731885439
625881681
318569377
366739672
131584590
756499854
930973008
65783537
433542995
340628384
869545240
154127567
448752148
573359888
378222545
641321350
127921053
830776939
927304371
922924259
967566463
237447547
955318609
967197016
789835389
888534102
141190157
377107587
88932651
987081354
476570787
205005187
697616238
930181215
991721711
94890384
561949188
795589585
94156235
936186483
934611716
606261113
599643182
766539860
761158442
227946855
702598394
970868532
138887436
710248905
268073612
297135803
322787942
40938220
464167195
865826841
383219046
605267849
467383356
811599417
887594461
312510503
66607557
840055357
990808673
817529701
29628422
275288844
969123199
245827042
357998803
411084768
150722376
910812557
690579215
810708652
218240769
562704274
599628388
299127420
455872388
60820557
276792264
152274696
977765766
900434923
864550273
490379777
639095294
241635812
25401155
825972851
933579838
757936049
135175375
413476080
455100137
404666826
619938918
44231899
460271483
481338777
131206605
21754663
573140637
979316053
920072681
924019655
303386822
450445032
749604656
836762030
188855326
855568914
768634891
294376680
658778240
547200915
76495316
51502731
7907439
636356570
781593667
450787098
267690776
891306178
446341089
319344126
408962068
908727819
613135626
985895415
641499916
271480721
535536280
463078347
751466788
281300602
232503788
55944110
689805072
283576934
317538327
601075210
403833274
728142917
128779367
681141944
290881919
423904651
312381682
4614960
5023144
681589697
209276846
896071772
536485738
820301264
128895989
820089419
816415360
202008146
43511420
98212179
775883785
501505198
261088486
601193508
889474651
825913252
561162421
59558057
151414207
19951910
188376000
428572012
82039503
276426385
632213083
589226676
194659121
459780050
113183166
604225281
747365581
920356851
898392175
231047739
830767434
100380911
192020749
154259214
15322797
152619042
582000470
415669720
374444603
67344272
381470803
459206867
523160984
255810382
262158734
109602624
323732453
978719404
952418409
866495471
716444808
978765407
282708420
531783497
559761430
734471892
88787264
242915131
886193753
801083462
295499190
90599820
272355472
116892930
595544404
490698575
862160479
285918415
858132053
57108970
652378061
794728766
333659880
517118200
35211071
646833327
536260493
178395437
684885497
505614509
858376602
586868257
57714000
728201620
361905770
77261805
62628157
147616952
172926172
942896530
567984233
433567734
111816203
946300138
109863482
27668259
152571101
233204373
910991855
666458796
395008972
194990326
357186330
181375110
583199359
769985218
335720631
62257914
333710403
508268217
35342526
940929826
463846150
93824552
174516398
891428181
163952325
524985385
450161204
178742059
315874017
590268645
439440561
905936217
34292949
21683631
170454706
787767993
908686063
490217957
500222984
193286126
189490913
427941436
173316457
140973413
805287201
648115793
328958079
855070751
272534910
102334687
299646302
643846221
813853479
8191896
984456070
165963860
925780682
773151612
152921684
354475739
305615170
898854167
401730703
470115378
955948967
573189731
621590485
626031332
818958712
632149248
972503944
180361676
320165021
912794027
609508004
278743112
240236272
853647744
563391219
877053378
392936436
150414720
373393498
702275736
235176539
298053444
713812248
382838636
686632218
607155133
765540643
886461223
919472725
618283371
545000706
499162470
343003065
314644906
874254612
50272747
410692593
609380977
254958450
86796879
386648684
721156142
579627097
57988439
397491800
366054917
825072453
174207154
677039016
535542367
299675103
320866717
99199336
70526645
777618909
120314469
97025527
130109839
494780471
285653627
321622481
30840054
702525161
580767367
781312334
484305618
494121758
206679789
609076908
621593295
735991460
627664279
467340884
791281931
525967279
442219261
14608163
102710085
424458307
549500517
868989129
804105491
483051848
480431357
398991649
671868004
206832046
141417349
287081123
291772524
821310444
576616443
838622384
823688353
822208176
664530159
345120353
57977882
797865030
277012600
762266909
265644499
409677501
315410925
791113052
177105642
868414365
124038297
988040915
82085716
235557691
650937010
881193303
105777047
469497254
313847211
317804851
897683152
758298117
15674289
22968895
203752934
403152387
803099449
990594816
566872115
201129486
300707589
28331632
618661293
363793459
253334072
618554017
785327619
269464552
414247144
533531261
572148806
393561927
928012996
410267149
156297349
394916641
528988841
336061252
335360317
365709939
934921419
836523492
138243949
930066307
441424080
85911137
924345082
268514947
298971350
185197179
539208155
856030653
756297041
349576790
908119779
937762365
165870222
805991348
977390889
735834811
289008857
337279229
305051344
955241926
807268812
390826446
183815240
757808350
224641462
472569539
338248010
556201581
947399432
868284316
518137145
519387247
508871244
602778141
722918431
92439111
879682884
286957918
388750241
11364174
529542841
887697138
128716501
536085684
621243729
948281968
601441286
578043938
45850459
449794898
105780744
636310609
686219356
732106648
943369173
960963913
998944135
196952002
556293299
23978932
548302905
560797068
960670256
650998971
50272824
131128260
520326399
714869966
247273639
306780551
799430670
497996386
972876929
743854237
996401512
50018033
979539201
41540624
105996302
52453465
303075187
325012487
556950960
282755389
337041415
212008098
563748370
691772733
63757046
771191282
336251216
537633804
818227052
106880142
312329307
133932671
631331356
157394360
507080113
669259995
781317439
567099558
21068494
636163091
615586022
95105228
271263776
426680701
690431750
655366913
189109070
26094251
355043271
353192092
812052867
525312435
234339623
380940657
928763918
102388322
832110497
19051202
459476500
233262806
958120872
857001791
870381398
771954716
348461262
16265046
816634976
779530486
900159485
59077152
435583948
906813406
279425742
397828205
308492608
830727899
115036391
876641314
994449503
957547059
91514298
429517237
293802540
830576378
147653525
412715750
686640038
246691588
275977486
485167853
733525587
772439948
116716844
407016614
621835406
404454787
760868013
319172478
91748268
212983681
130971103
238310300
143294535
591832929
737742478
138050613
387823658
702078473
852227215
700000161
650192927
160100275
215116366
966875929
494871722
569341163
699466108
651373093
207060413
862215559
840757956
691679281
159074091
745057137
423900347
433382324
366037572
734640881
310067906
179338965
682460918
167323427
798787320
252452974
475859017
788368170
752800470
117334630
946528892
472773185
650432235
486060047
250378681
834405353
978330901
457851402
883061754
119110631
828806671
436317685
803641735
150854438
873806765
496995219
589204992
403908571
646231906
235214983
403371646
468133742
976520007
617617052
807404842
423766386
300029749
984228576
313069696
229025526
454366691
17818590
391153736
398312743
58761911
162816125
405896914
583307247
612638246
442842137
534805135
87776524
634672619
255403371
210221124
895760327
241774990
632996215
58993504
316882830
461537449
558987772
17301315
856244000
457476704
395181290
245286925
410866110
675476975
236766371
193389220
945470521
976469493
265341019
456126358
400353865
114468460
544727558
186400096
990123501
848705734
686165615
696565484
199856881
43568810
228502326
629238839
295098521
552770485
211182140
33013306
826708200
237161451
414883032
505360581
268610918
199207501
395113431
442142514
919832865
500896282
162114222
919933007
110608096
328163991
701553861
285315764
355256168
655925342
791131741
354410975
143357058
172810214
966649736
954245884
618059695
996273966
521881907
485817822
717356000
598926377
820597331
727012567
852976895
223928250
430000100
627735554
268119347
899427663
487573554
25528822
82170168
831223584
692233534
33029990
633390425
864297617
734088570
332868334
343493498
333200727
307158477
434509590
241094885
73276567
201426288
146357335
971745652
978869441
477965644
968654049
269880719
292157999
207187529
31731544
403572985
88227313
962905749
487011347
679499361
570717377
283451043
473871775
173797835
140140026
566826888
41633704
995811666
434753387
47923306
564756822
97405612
125706000
968296522
802177560
164995537
276832318
43073393
98226107
390142831
740552878
932302230
57809342
988457057
79224759
84457472
439956342
804960105
884591801
243462330
680054885
869912329
258181775
353301451
359394275
836897596
279694661
892733818
698262303
58474850
898927262
984129777
42452401
145041900
418012876
214149575
831471704
380544696
175726668
37518272
646393173
783864609
581868927
776761562
72299212
389801050
417748134
913597514
290205093
812779842
270189174
8846176
669849996
5076011
603672009
627353454
234445374
493492136
248130921
889972639
867698408
841046364
962493643
241512194
281257018
267152081
933203114
377918209
665488039
946451342
560445851
122314045
747862173
598317204
129106042
780636376
582890841
31984451
871536524
123928140
218175021
359719793
597116167
634007284
178018246
663352930
724525541
836399700
210182007
914758984
329798036
13889180
536431129
136955087
893579491
813807134
20169028
754814248
49898347
350149230
473620933
402143664
852400551
874143064
787509536
866250158
548546807
940288569
350187327
509409094
994218867
646382799
931177102
441075543
337755707
497071150
222628622
214633113
794011520
304291186
607363409
228925081
858807294
998916261
392465151
344799324
6229153
881164779
778025211
339586532
912442357
739902784
246624607
511140495
181371284
60962842
642516355
884013730
61577819
879170013
284095580
851300438
267273924
920200390
319714601
341710085
337200987
341017374
770075126
51945310
837699163
839455843
180405660
641839137
177838537
798480835
112488623
840898414
188647409
312708800
678049781
816902863
596805588
277871627
802224691
445458844
58434110
832381586
233828368
150309336
96980399
425963094
175697768
142496059
754007097
857841099
164995548
261020646
740994264
626776239
704813672
91341851
973340491
811499978
123519101
414381725
339234081
785775339
449536143
14115798
497216310
657292986
112018395
578679399
596979562
594991765
972473766
600528805
70552282
667301326
964385621
170831612
604902715
783798725
745403245
151685874
929192921
233134613
346145593
235366263
489557989
649693952
377380380
47466686
897537940
242020291
26709559
634183061
216644510
148574202
53648017
608442247
381224694
519904325
720786047
617346118
580725053
362742888
279745890
732530264
120598123
29849531
152058144
83054024
671342641
838232678
67940125
680816489
79894838
125143390
276943515
515792259
389499969
380075783
288701423
196447186
235939159
174491662
223894414
433648873
922872582
519798549
12802165
441241624
300276765
26292297
60700881
768186845
71151811
297437981
161727237
612722292
22127875
157107274
651878520
892261900
704495437
139236034
214557440
294834919
928820700
652920868
713200010
610489735
142137790
931200595
406159602
95557615
712751523
655234133
503351272
573600335
648789646
714357307
339369603
282436827
265055206
397001821
77002666
448811297
619060723
568906849
388481938
536715566
700617511
365540448
149979629
145449484
920454810
176767539
506789141
855693023
743472849
91957642
785108213
240136569
53573942
161262362
441566391
574743912
270174678
479274320
789790746
62037411
138029456
546816298
21802779
442870740
554948904
451128808
235953219
123737379
647901370
666711492
931421234
965514936
592754419
203074291
958218618
140245584
613108282
535462042
782017540
564076458
698208389
632340098
159546058
123910799
128068956
38469432
331985201
92781819
488130325
254803577
299024698
276998765
373147466
90510948
522351996
974706893
827686591
426744495
260693868
148565682
50569732
258750592
480209619
635520301
810426313
534818260
45452091
8174256
58032127
811508904
267968094
552641287
560734466
281987505
563169023
561045277
909486050
387196506
250861913
128147996
317134621
36357338
872525305
101483719
370519089
402883687
299200515
28795086
350630970
884493261
256102732
916450966
47590364
619874994
692732223
291678628
551272370
123244881
448759505
926718524
206701193
939745783
148113174
255820236
238897307
837128347
697368902
452901030
91346545
512195789
554309155
929537128
869612972
9045730
82692038
884102710
400741450
641413172
600223328
203150183
819656458
910961626
666070964
468257512
652540584
106380927
190320620
644595308
226455577
10125401
160144662
350231146
909859338
216534669
334913412
20045770
857927129
830335166
119119783
304147118
91190717
667799360
290802562
853336693
434815837
108423777
458186485
964002489
376340691
297634709
927911723
852695
608791160
270323192
330213792
234825017
502673526
232072934
875611455
862429935
677971647
946739218
56175666
369913481
10846067
489129367
727360635
698934838
57972382
878791134
663679634
940968028
176750961
301258845
485928446
628464784
433856613
49847298
598643018
153010280
467255982
207819564
639490626
111208809
141509879
734943560
123172001
658748934
663738489
668001666
114564603
499718846
703124709
362155049
464033979
286625338
920143321
264453105
493799706
604901647
865245367
897916746
514702931
748942029
305450854
999461496
105372512
452376177
858021778
638972492
705087287
361669566
40623783
261675454
159500669
404716790
740292076
734067203
471644574
891994994
340374390
82899951
127754305
873746769
632087955
792753774
191884603
980895845
45253021
167181460
207173187
351813294
513977899
768762326
72976755
944564801
244072053
699475450
519399306
354434581
444365236
222513316
120543200
72887452
183238062
263054490
653637449
371960416
2272237
395150227
524479999
68830920
457176825
707742676
86841314
483247809
216266592
305641038
232724073
264451171
490541413
61091048
848272708
604325520
233295554
276951426
43070037
945384353
292089120
478153711
69518993
894738265
420381112
965383128
173143341
253235840
577001230
676771668
289779836
749196380
746839647
853949563
265866217
635501713
242143480
662092078
452057761
57610716
775152174
198689432
728196476
932560294
242443976
920076281
36588250
153411947
396671343
371368139
572416240
690717314
910767956
370696575
918708730
542352243
576160626
166980401
538117871
841167556
940617040
85969909
46818710
71784133
219374463
819290740
85952700
330585228
151417586
76442040
252534051
603344211
158646934
412813698
593168626
119119596
124506139
80106104
315040766
315586736
938493605
613574826
698511877
777449632
629390382
752005966
427873924
322593242
177774026
224136002
932922467
718252590
36351946
79212385
744471185
295068325
122183416
411915640
747818475
906641186
46362874
861830172
452746645
829174192
633863854
316225531
249249513
281422046
534336720
554247304
16856574
448007009
24741945
627808418
652436893
26484117
730446881
753618171
416128958
438413653
249451019
768617062
656951635
206847759
179150447
508588309
867456139
798246291
329621631
108260648
7703834
283229265
338039170
493503728
736437293
706360362
919135939
856752017
685515416
911482144
398155487
306418629
346974148
453165859
275631872
511351680
717766084
872351899
271447764
780667177
195131053
40353325
702414899
403938636
110545663
367506294
768068169
208925020
355283593
252389325
47113114
21332353
410297917
92075930
754568572
532397935
557679844
162992764
323925319
364324221
512708977
169563938
659694535
115557450
253312925
500340223
837895562
954296872
486963623
530395319
568453939
98250856
404390812
986042161
59734106
771307560
236386602
459690261
487891237
550096448
953110449
121149611
857226978
291550573
929731794
918105049
596568881
267547307
24281969
289739714
140321724
355672845
538330001
557045393
509739708
981161540
596091354
177735826
153997780
244144729
69377933
47034830
908296376
801380765
59712153
778638763
495278669
222176674
850890470
720991418
282169708
157053687
548299161
98624797
736938039
853036564
168595596
841099180
550349940
720091880
833173764
105121976
125814875
133606868
48386773
511391109
72760240
316548134
638872212
758357577
210264780
790254464
821616846
85295845
275028275
776311498
982094900
643825807
960019427
845794269
614096891
111313536
23492253
286400938
526492731
873904066
257704914
985916188
26270938
42570455
662596483
835257163
326600447
163877257
788820724
860553691
434086918
579369460
942139033
79277714
976529822
756860032
250128547
156149949
292873404
742663198
740572076
795224376
829818955
529472662
507369172
572464356
882167
943263079
985338958
966479631
71659715
841502207
478608825
471013699
281732967
330331689
226902333
71408973
829477038
782734823
116624659
475800555
437870506
985069472
380965249
216476823
565397823
269031570
594334827
242255159
811933665
138881192
930516244
32092550
685513691
891680103
686895497
117540791
233867648
483147509
899431597
668048004
835670364
545080782
904040403
53109629
135798502
615277412
7965567
797696133
308408886
745659802
993313982
166179167
941330594
255882571
737561286
403853668
384881690
449682640
950559297
28404330
392025567
808940210
609268048
408731492
979207400
41636156
649365391
251766068
146804903
173798588
312648066
211027726
836846298
8204230
57070338
348830924
924395175
166256483
13262930
137040892
837273168
54185014
38985772
586887179
135645209
261726509
257432721
203703280
666008155
5929661
262600928
273273445
157496244
603114179
347816160
60827030
324677881
408670775
94710483
571583337
83494665
414724807
214224154
789255692
37492239
338343745
704711664
559850923
493700208
595435815
275110319
367563697
896578483
851523851
248826270
628829391
948019918
732220210
877539159
138684754
43725615
71945519
278096375
52699171
922110258
842686987
668364928
119971994
803169050
342661551
862220857
760476682
762463088
733885480
683410847
211656045
222343078
445658646
258729525
304549933
151992760
544039796
387857706
485354545
228892499
705898059
523654374
507054662
636950031
608407188
153558508
656885707
12372359
583229302
86615255
177587980
7496590
933010498
243123959
82915058
89979198
267894173
8315325
197293749
663942401
132315717
91237449
363986339
617789025
485436754
970478838
811615828
219884887
789711335
488263775
492643555
273491788
958845331
310690444
648938233
112179291
133327626
154011249
112616782
583511606
934711970
35194712
38116773
856144324
704827972
496540570
275257614
939185739
120155600
101803599
380433517
265508753
52434966
600398471
687191394
422145775
259346222
59128821
93545207
913471016
251549576
104424269
886162914
964432494
692024201
577604067
10549558
348245660
352183354
694048870
368199175
545694111
118529328
941582499
201725599
921191924
158571338
576836794
678866955
465850171
64776949
32532712
774261
139227176
546003890
393854818
310978429
65367915
530649748
408128861
262358164
92660626
48903709
760686743
672491738
932749799
851579496
937026807
855491316
692802285
583018421
251839321
256265938
470522189
379665759
361172367
10137769
718321655
570056008
487741886
630234867
518187567
335685167
234044417
390182239
449716153
122278347
895035341
569896317
903877632
737603115
713445358
313415804
427913747
675657875
487708764
972123219
432380160
321494159
631687764
542651513
807972656
272776757
940642270
33826439
961981382
113068951
208502022
220891399
520722911
619489957
847267329
371708705
900141066
956890787
222935165
94456125
463281984
888402854
51494857
662576612
79143382
241564426
839951647
483491763
113579132
296646554
407019972
777013552
251410939
973783966
929829469
221985818
88434346
244534522
50141819
435157725
824097899
201767917
201525415
203816699
302793284
263468907
532896968
181714325
126581890
392595267
777499222
174031948
333669635
903365136
935733726
892414958
278219438
684961082
197312043
682783783
170164636
971006570
761461528
458414116
150947567
956733224
185567759
138858541
691682439
95688772
927732028
610403342
605851920
873768157
609815910
705100360
751716600
781996152
830072783
980017214
750394035
582176608
83539272
962861263
719314757
912178993
473924853
892284779
898141758
768230687
935785390
629385805
570380848
735464872
24310803
780689933
779744188
395865797
127465258
652681301
947167592
220804281
83453345
589233124
611829660
226376713
98578209
310041414
39370039
948509177
179065572
149983167
914139658
70248183
89714613
347504983
804137901
491430804
37922320
272482971
23224235
164562501
268970717
454524433
873179821
855561652
885846968
171668481
917734148
677981302
239279545
755215531
281070728
89041880
118115675
446078806
545186779
694087175
314955887
133367443
227383819
288113299
789693719
42865397
764064012
142111859
302720734
212782075
371151617
391836486
212771295
569061346
328506973
822477815
155076920
352023185
310774627
210947439
91986034
213450884
95042229
306744116
392735351
59259134
902425393
80252817
213402490
191619963
735284204
221860030
918042526
949298213
266792796
211482857
402298966
833253092
266547223
88015320
811764466
964780601
427469419
815599842
497690801
943378785
490596129
865183259
821656933
346173869
780992976
137785357
944253601
447294793
169385090
45556397
540023886
852167755
709627441
421175814
574911066
284489129
340580065
921873367
671525150
521608721
219367225
164809513
379719001
40094878
675744750
533693880
144444416
213531897
867183877
501431918
410709767
224047385
4825954
579731929
891945368
18797326
999631146
461543883
89233057
816705298
514385351
750381813
773697459
531283767
200126024
898264277
479667532
870107755
658578153
293209422
587474734
907340189
501698655
900694493
106073551
8982588
456973392
501867842
380459667
3757592
718295671
267102879
204913564
855237964
423443590
558844219
285210791
345022054
60553076
828310751
589569677
846659157
777751616
107010086
824381450
718961880
478803060
201202946
750148297
942814985
213794249
838176826
317278320
329165645
582085796
372294444
405691199
641422517
477844985
706098368
302970004
116578336
904721216
276615286
145804981
441466768
947027206
695674530
179035808
883255772
412631162
317874193
768521398
678300737
133928295
784156819
396309425
477086530
744206897
438575536
767609470
907573159
774925484
33806796
232733410
616216422
530639905
200391399
204894775
328404342
347213332
47270797
241765380
91690393
811628056
242394104
835273981
28612703
695268215
289950449
799830566
719659016
927702602
565978661
66948122
163094475
186014739
835237740
118530157
254983693
868886892
263242674
247319934
795197860
304684737
3358409
425019822
519506400
84067379
235008480
508929220
638902478
598885285
506043481
786772550
154492931
252338625
388114639
828529562
816371599
403486747
26489492
23796955
882495490
288789990
157565696
874416166
616254821
184885656
891256418
514583793
953089564
817663787
878041266
862653738
423739159
95942779
851170637
941297406
7825385
412395697
653240134
467383520
485967735
274367892
467244086
983635851
277899079
52714264
66654334
599519524
858679830
353488079
79215108
483074243
368430662
606335778
686828754
118786066
57564166
851863970
402797825
747752548
349793740
131010261
447558938
285756342
913579584
432535112
81044255
768155836
491151209
878807261
334553151
240206812
876195017
145202223
908087893
807676588
902859950
311327739
13257336
716321916
487310442
789974295
243572844
787899568
661387864
451070865
286287983
28658481
639754547
798183116
34571511
69334278
501505111
236701280
366473998
115978107
524376554
861479138
488121742
273146792
322078102
587299611
621801413
619652638
42254714
261365393
83928660
268136399
152164885
548944669
166374238
492874142
398563925
287944460
825022128
951207735
691776341
342165607
758407335
2961697
873190008
152064346
701532630
411072704
397811767
89831194
503897814
868552040
180815172
66630786
297061358
121476021
28315392
928480812
150575685
363924295
228970832
658361816
704489055
794522626
287461581
798592906
179179691
115024110
293190949
29264244
474491891
633386570
701780224
722874619
594130409
759047063
886747003
802510108
186982457
371569799
894320425
62878216
865894032
600744279
271412481
415833706
735819671
490238300
101545281
40906257
116477021
953256859
797869240
846482716
351036084
554499594
24235719
777391277
191620580
18194912
997699748
364718772
38005979
973018930
980186113
40660241
753760058
532747755
253598707
120013248
406985579
862670072
940079403
884466584
724066020
365794409
291601373
807160557
331926622
784331651
846005284
466229157
729830210
639753519
771920215
210128292
195447399
122561317
669051165
242249001
6564354
228358908
133249147
287118696
703422455
639795420
103650996
282735035
172196590
432103453
15415628
126087972
575529889
812119624
595217765
24023178
598194029
644674768
253703256
27672771
44742717
168022179
934244492
182869693
509537877
1328299
750093415
25791440
181967597
123101756
496941272
833508299
859432536
384974225
203039362
484773773
137467723
401010514
616866798
226890010
379143105
126076600
649099982
483194656
471900932
41978593
293338026
986636394
536229496
345522122
112943370
498587704
948277436
730934473
204727181
559401428
84211762
23034589
362067807
680312204
13226639
658808310
916579379
696055560
573256877
593538109
165593661
649493205
864909247
456028316
43020105
42987935
554260772
24280270
418058751
711657567
367069564
645236585
711665544
397775
361163209
543870447
664698195
920470687
249524353
350286573
538958229
972719278
521206787
379678484
15559034
340522248
573937005
846333419
86922179
108539271
922673135
187204921
821714880
527071497
846660665
492775336
59643845
66479274
267762637
295087603
513605402
191779924
655404072
843903169
929819352
143684066
913906324
309524318
197748514
398645118
474942074
417247937
405960450
578559904
760383332
208469140
232873441
418558253
574647420
938784558
380075120
879099848
162927374
739228836
85555485
547616316
266710136
86636853
165068866
461370639
786201984
996882346
620799057
120249361
112822934
517464383
538891237
244731157
919384153
249267111
330979853
860260702
673134220
300649220
116286869
329006782
392146082
694194971
780463664
198137399
734144610
72385376
644746672
931413745
168690553
443744933
395551673
246187826
64744345
52140533
860926611
372791351
404520070
253877498
824906286
64262241
430170471
51318210
495456933
119880964
341039507
825120508
362507380
325434769
380425298
31260256
741477417
325508003
398347556
859020575
526268102
496651871
979076342
666906866
6602296
216922986
935933287
582541790
558391141
292605103
52394204
795792662
933484848
413070670
889933032
184064541
187495418
748817934
545214661
140979938
74801778
916439637
832700614
481964751
131509033
305537124
760163258
854071746
823429450
500562115
947833833
9916556
530689154
570085840
293112774
959130478
571229197
264153269
68059142
653631713
296817875
853700337
273709792
827596863
501313254
655938427
638877377
676237954
283496092
190219335
826805317
301712995
175765350
577929849
270643117
262764723
291316710
593771900
543806550
941025535
672726759
591596914
673949614
255870952
305725315
546519427
885330708
414259959
349076097
935263954
544153061
108786727
408642041
898145331
33749173
172813208
753211539
169733810
369137696
83341676
348901053
162251668
676397698
19162077
61511992
194341288
847981
765699550
690882144
614015049
96447526
324007419
675252245
78488536
909090940
425416042
695229030
280167503
805098725
423935135
416026693
672941699
262558214
866786604
604263425
302762938
452952355
532722188
731701898
848045137
55586787
751109753
476679079
304155782
382222419
790641147
166789856
723650726
334068393
389178809
357045112
744691202
533348415
177518575
380654101
224122973
252982927
739601057
115491960
847104743
586725625
549950656
946332027
967577580
63222974
45626862
121167943
282323942
730704354
808217983
295440564
264190116
264996973
789652286
412756856
673832363
276331542
120670252
352977517
768374966
551905390
935998613
648878466
884191680
212965884
371676177
607686883
736932954
403825475
477502345
182850883
609854330
968342993
855257618
126687410
555988738
109014582
379238532
144131261
722739086
240206184
667221263
816326381
441360270
52391785
215692421
93366965
898083154
439988059
751870810
499590079
853273617
348296807
739667
164309708
930219244
888640758
465803945
109799886
203934572
60119827
121467876
695872322
950767718
560078770
740243706
273526513
341115852
828431463
118424971
603129652
795390072
141880573
644999114
141262403
445582757
537872313
560801284
26979071
507863775
465947785
754366280
354012563
883641295
874513114
36338376
853363968
316214542
840436756
866487175
82362295
883107953
28325833
28341042
965797554
113919365
259518723
735937212
831166506
234351038
151720456
963695062
565439376
581690697
265643391
320103531
892245288
94755477
998323880
418992351
327550926
443235607
861765386
774237754
651643367
985728530
112216648
95541819
973356286
885825079
263394385
176233807
143650781
385449909
157134607
619197512
508844565
759699821
572339850
164048982
967165679
157238757
417351582
9582216
997874147
200852862
71997774
739733581
910790727
564793790
10656649
186996675
690104585
514833673
140762197
447866534
194527873
417542073
547447102
661844585
387085605
790622565
641867469
739779798
394082238
217938282
425435464
119068043
460297471
1059545
84686247
261654185
795866717
750168179
890792167
498043417
761048472
544448707
867281543
109310892
538465783
447166681
158136966
