10000
642237443
498592032
23121189
713424006
625538870
5047157
123071185
611125024
194869658
597470859
825372421
944751238
299328643
652871942
122747346
697936525
615294956
344384020
105535759
32846180
536956568
225770166
163990145
449287425
120000688
89254897
158368516
370669982
41220222
340105858
819808148
92302496
306607641
923509905
629564286
324548565
992692373
719701419
236372640
342499018
331545848
136817097
486463476
920735173
972024886
66183841
357677529
947549003
171597586
140000712
429804715
605639694
611110014
458808384
584591498
217742523
779915675
447420775
186092703
161921762
732113134
31294650
277267694
86042846
738011352
704310972
342845897
997334791
179328797
264969568
295564257
741056955
150788643
465732326
323970826
619425152
63323496
932602093
146417039
255212524
946894260
352090632
799614615
808475352
777575091
284693836
50991137
6054174
326881122
946453480
515301227
414285976
284886874
741583668
71645205
347048637
706615730
94925655
576734426
348688858
475478268
293367364
322744948
138325513
947602253
588564790
957702811
853811104
357292675
929503752
147218305
380290909
527486833
567614787
563503716
477822059
144034418
199443897
49427327
950693893
217358245
233272922
745698062
66310367
815627000
266621770
389316178
93900988
111829086
175114419
862414705
134481343
554438452
667330669
716533604
555039733
158164851
314177082
122156777
496075700
830151236
319245998
13909116
576106720
777992998
177132396
245227099
679707607
535452028
716833770
556286547
498999049
413662046
544137325
171554507
5322499
123237775
688689505
390585999
717680706
108279863
263884967
163186702
163751206
388344290
983613134
875463009
587890840
258077183
517193512
159522161
106378670
955855668
672454098
39919883
791957791
482881954
55732293
226720645
623476389
69170350
158985703
666764463
540618005
672809806
54369898
315654798
900900459
657194635
522916084
157493478
785211895
57194674
249446784
543832883
363209389
177496222
559075225
132033274
498510433
775231838
545378610
236799742
410085004
768674766
770565095
719322211
490737612
390286231
612350868
46639683
357812896
590858888
926040634
283764094
2825538
949358107
16506678
969113288
495016349
87616909
224353244
988593053
96195211
718007647
405990829
616901275
396486637
835265475
951899174
787430683
643843270
141691409
809670548
844685020
24632577
202464460
546335097
198169751
349367497
502520392
36662209
23422595
291288462
730391795
427304961
254257877
134838954
823208412
145224493
521808882
415147133
37921474
362697483
193340718
106229792
439189564
793499010
387465692
299427598
895599486
714183027
697532942
578303760
288832169
376082677
50362952
381516937
133866163
842028588
322449321
390227309
470727163
344966751
220027267
717667659
29113095
663686734
714209646
602151320
256814291
731465365
138711866
983664977
39716654
865749294
515755107
409137134
746977670
209928990
500806188
121115503
632290613
620877245
60257922
845508225
417277125
259289663
336110581
636803875
709392377
506957281
509620626
277632624
374363144
332352161
973590497
722381184
428525449
678322780
658784271
83635988
279049279
826696323
781553701
553266500
43602432
937076781
669631952
393259919
33608292
368414823
473145714
469554447
699990344
146870010
139494464
665581044
151586848
353986794
86368312
281222540
220114781
253659794
593337145
933160045
418820609
131448164
997410120
168942199
936785580
524879637
184432642
991619685
795116951
517112185
355502391
30004378
383182077
91682797
938903171
238473189
271495502
557538298
445332445
913467154
912488538
532369879
964047344
410929644
580578559
657130220
510507405
25801051
128775639
914690064
24094684
786063535
666009307
86643563
71486193
898066163
354596415
351322488
898966800
312059440
86658517
601370392
278242297
54510992
851894171
163886163
905990764
410976310
182274271
172380424
600675409
154501849
517780412
825578197
439972256
925633449
180456842
958947099
137923808
175497250
408805156
106735735
557855692
746753300
706777775
870089734
80509298
890089366
37926671
49724219
611302772
124566738
346959225
438239459
321529675
310875661
210577355
936469518
894558298
966410550
904554810
750620938
833486773
577848855
301121738
104711403
976971596
226018878
859717155
732141544
109631095
739441454
964948153
906451113
462528256
678316934
630350153
621913357
312051880
885946178
116300714
703769373
284203737
286918749
584598384
533880935
744703060
280485795
204285279
143216799
545245209
67785395
627593037
661473931
298265282
842687245
620694072
540946329
361342606
815419016
491088343
886484893
211141367
688519387
999455078
944371473
64462763
257931471
864799151
977258673
783034230
907529362
414923379
42219166
702679551
157372251
40362619
433815271
313692547
261153204
180859495
577195633
626527056
683432711
95755297
980793487
907632901
195956999
41790573
534810687
330152479
75271129
957546187
71575201
350571633
423211268
79332022
254690486
180040041
207093793
119703988
224589232
116273893
623514831
276422260
984234472
841038949
160380615
247166895
742947555
539018677
851786083
927057451
509496509
516905813
443352146
571269336
872315921
586672827
161899493
406010781
289042217
854680041
111462294
120959709
518510793
400387976
301663726
757801373
326482925
425658175
250770516
273534164
252525580
514333470
706727905
149069889
117367782
343563689
32333923
59539045
249918677
929838718
253982930
398754224
484031573
680517687
458520599
66135975
218139615
429187470
622104923
850195222
414665769
600704745
11676453
420482863
427381479
952247208
860949066
447118765
178219840
451942555
781491216
576484776
273340862
102799408
915837670
876746246
110434305
478818227
585141717
913839445
377941675
731600444
786153513
243003789
478158621
590585852
220145537
492544270
117927076
151620712
335926945
273810144
290477397
686907411
569526660
674601505
656219632
457565694
698508400
418215746
585087698
796832151
685343777
395688603
77605079
346572172
482588628
556443457
658199146
402576721
57461847
559689510
761343450
288153265
43445197
180597212
563195018
807409899
699813333
936476929
233044454
479678025
506001365
811233763
691340213
756965969
315271125
812180401
246729288
922945335
477884177
669906965
236947938
54357790
739597599
471070532
415986421
224088402
949056742
105269728
184184335
220977222
482770359
949329008
540241546
11995415
78678013
44905530
907340260
866745877
960497287
799458012
31970354
270677306
111017163
70419420
731229014
630016721
987349166
696975249
281898981
805068257
869207443
34675019
782007659
699264899
122285236
82868154
634128990
253625587
746896987
114846721
322622677
122449779
104288120
370072798
189038637
793015121
192449004
174246403
734201722
233073739
798059794
320100576
915895040
973603271
511787642
86608011
477095376
904482769
649175545
97827683
634809175
183046980
823136466
866520640
306212107
23182717
352063086
48360060
67083549
119407741
568444492
152625041
752723474
450372513
954714916
54307813
272747641
394794801
627562367
423089172
252239579
186059436
845200679
772847697
370459219
183051914
816844978
376418012
31257933
44793283
678802092
550457272
213783840
610517666
918899636
180282100
269859614
915051500
47325128
264582082
440392401
955926292
805022762
12344038
962367993
817995519
513955656
888145335
128561115
888137277
105200464
952660770
429478525
249577926
787131735
44306454
755231414
595911877
111515215
635588290
711152509
860131647
23658701
879979699
928503529
584541110
14135551
698087120
512700133
863064343
848765665
472074132
319347328
517010424
991842217
27287067
837219291
431037741
269605745
210714002
680622968
826593127
211500071
3669817
368567052
793552472
805465896
54595505
269860658
926582991
87528540
347924906
267063510
751243518
859428471
572882601
238624215
54387261
504717170
555240773
913265559
259540899
238765699
798896638
838520933
165344990
705890679
316470338
454307225
89060799
999540001
188815302
993366054
175874583
592693851
192826495
316134759
855050537
735203009
165120881
49387160
48297930
301560524
965880265
90030718
305707348
265258381
879430547
924480727
503116139
690718089
631957990
214722160
762349927
734147235
522496036
292963491
277941491
816403694
752326110
784663218
37027485
275528191
101196230
24776100
754057859
616968670
579282048
453971585
888879433
688904162
33138780
13057840
205565488
977091941
11125647
139280276
698355041
477213207
158309374
700300557
885889081
908845578
315569027
29922663
810685361
579350913
773549948
724026198
551316277
612597036
52088766
240929122
376636560
888991127
575773641
841661091
740268178
781016556
45847942
395353565
530606098
369008839
921021971
660961067
115664955
918453136
613287615
952491736
114486825
586049808
643381791
602085157
787762471
733941811
938104896
277059378
965043086
774772487
869016873
259058107
618335504
491305048
248813251
805784095
841039546
761988221
206643087
918647887
514090516
20985844
168767645
132659730
872277911
877714490
67536044
905207099
317063554
210636216
832188485
247171163
612394080
734210049
943919768
610625932
179780939
540727380
485715131
783584949
130928935
611131598
680030649
80656283
62490197
708120840
151511935
366341717
302185415
474990732
789646237
110193160
716296774
12822954
836262324
978603602
243818491
915432967
303795964
774824111
233510525
79725344
422324340
271663673
426842431
749505267
311087065
245574233
743760907
78346711
750083846
768664452
960139563
629469627
528554685
995121811
816305472
101360927
82749385
19158217
470936015
400075975
871722680
972128567
20900604
362198892
212636936
590470424
159897104
186635424
517002383
459223401
433539992
390655776
479672967
599522531
914886657
536871127
355956160
121614965
800696895
454111251
926852919
37862098
833339000
278346932
468529205
451655694
265481278
201640060
776406434
812369219
504345547
105598928
900591027
221885725
153986176
70680976
786029109
689099606
111965683
312644485
98899674
215277183
639840686
798714397
972128336
991344895
51368860
793593323
103968623
242247576
243985834
311847054
140074731
19741566
714593385
345416811
207823836
327269782
819854017
38996438
391141227
235655526
660077823
675256605
340473144
82240531
827462715
656752179
104045147
272237445
43575126
785467186
251650002
205611136
746849545
185412038
563473969
749242057
178518711
645746437
389586077
171239990
782056282
40720756
482369011
29939934
497820996
512129130
361611509
8821224
813681774
191611524
186642767
148265769
168208892
654071790
24911003
475438821
288031080
965506874
525962197
486676687
226691491
709705668
533390669
687515095
133800619
737475427
864622231
312843104
847666608
210650947
771419002
299655791
260707010
77816277
502101563
606606583
614376188
133504211
30766465
793640691
978531923
163731026
344744599
15219523
283130747
834741990
588656865
90622559
239552988
697581751
793022549
107857805
436733395
701809943
551524279
575468916
662841172
373922891
729517291
926609623
62962752
235259346
924063306
572313269
642016249
45475213
336821584
321915525
240508461
46597243
611290435
386587430
498467914
148545582
255556122
208465902
446179102
500884915
234237178
348193470
270836437
959279802
609504486
875610930
520567627
988881811
377996285
668284616
473948123
104886664
915354433
186023608
203165558
377413458
960077041
173698768
514990090
686634327
407914416
981012781
25138996
228346225
446000871
375937936
690756661
774024725
274173405
993288129
107910972
556332318
252800710
148064238
593623383
187770820
310516982
536993047
339370394
920483465
326686869
914770012
823406872
538952586
759950667
722843502
359431856
157622630
586863544
299987380
536883217
675391244
154120746
997737130
208504255
287589430
418893431
385136349
39807523
582279514
175427011
744591558
32885126
18628470
135588729
983190421
468956554
169138657
638480138
328128591
740305636
186072222
409820526
907586700
175136078
826185599
676281064
990368680
983016973
123773437
496868618
996995506
350894899
413085012
122613066
354780745
670794411
881814850
298558961
933955080
737490765
985383293
821218524
961446582
800636059
825005757
329702294
169262358
583663057
729287225
527213745
54960801
153075696
345189487
186730588
140233208
264926874
870520390
405558786
70828479
995550914
652214918
992165036
110997897
853061127
583159016
950790759
474545610
844954652
775129452
200877353
843575620
936084684
38228925
21588385
712619944
437773994
835135222
750942709
177522257
777393127
802405664
707415039
439031693
67298225
542063445
723892010
72651914
442628001
224004009
525386029
688376806
781728027
342933129
452252010
436676130
797212389
192678081
199384557
83217684
859321388
228150948
799746949
228769146
848717227
94221916
266621238
680025007
245519151
158563848
68436288
194667731
198165477
102396298
893941979
249673219
994638980
434370982
831679674
770085944
467499378
907319562
399890572
394213616
238304082
203643575
182033879
595140730
256363256
196111973
504852063
984390481
316847147
517465592
447560015
98410962
941363363
268046431
285669565
669930910
241280982
228413906
558108274
21905151
651854218
439428903
147741140
270840700
775303975
857129369
526618280
419494566
990785292
620006980
496206171
797892691
829005870
1716536
613493623
664692863
137520626
535024681
58530341
86512462
479801981
117918818
74851191
164184773
835953081
187470190
806084188
150993310
441036216
504093009
507172005
493853517
622315078
838902069
659761362
734835064
280927339
716529866
266033869
390149566
500733513
388963548
473655456
992617888
548947740
396124928
54289440
91349844
146823568
578164440
188302139
905506761
10523453
291823638
247970121
899776309
163789929
854152073
930387592
926343821
760840298
648175318
249733975
26953685
274172452
726485941
897260637
77794946
785132920
749504259
989452764
305162299
615700966
228972323
709627550
768267785
271278727
488373903
951304586
421174319
307752086
121638870
625635888
249618808
579315156
456590134
742824203
169598369
327703579
691069714
933282874
380934795
927150053
921409506
660507427
184852787
561332611
617111926
723231578
773670841
210481000
992521170
769691873
803084481
489819872
775838138
785475947
615250535
73476900
658251529
78807890
467916735
326410469
981767154
399745670
105785389
742104933
997560172
255525980
324089003
62581176
224841246
880455125
153293388
350994655
79775058
661059155
353247023
253763879
632587622
131120015
429964286
20105092
407692653
705366715
69805897
522493773
269251233
800760471
826563893
219236134
972302079
844315152
377609814
326602812
653413658
599957814
152755478
273298588
698505106
164622666
405765071
920584422
493258549
167951442
321073145
227499868
258546437
630305774
728180334
745018293
911636665
26058753
481036314
975616089
847244204
99299684
868720535
526532131
96515117
487865629
588562809
237736866
829970056
275622647
715140147
704184385
363982883
696734719
395114437
108038656
116125096
423351433
773913693
375765462
198200483
984137376
626744155
729124345
425725386
868304333
915426927
16630797
705320939
183675431
894295881
566029316
75316110
337058322
790083213
813911057
336300941
229424643
66884222
45261413
920505066
53161606
644151720
115157365
596688984
761583119
294767807
121839930
707554260
65617165
696993904
420398195
297824217
26573199
79698700
184822306
674773963
926296086
814810649
961353111
758127472
664398288
722260315
650539406
199412498
698931302
349083667
371959919
784891305
869558541
530486458
403665848
635975618
49100765
830850691
313869161
102168073
451386649
100117423
645202252
211355786
210475282
503571572
947017133
722989527
432200668
135494822
13400236
802740543
905825451
656183522
423408591
370087919
820323411
299056954
161375857
228910194
163739231
868038313
946295871
102362763
147397501
326536976
104127625
67549841
843508592
416034042
12805032
367832777
34009654
610033944
283197778
811933282
791579390
223957085
931043896
258839124
973052293
192983666
689299732
139668342
386327224
527569648
218641154
114900005
547625954
850556737
570258077
553451251
135112715
887797302
793228819
904647719
944102266
461367029
244368589
583056502
739484464
853554838
95956377
86556162
86377230
52283112
918963092
732694982
198427135
821315373
49446610
91661433
698520446
432197302
111348077
538506813
764153589
726702283
202100273
22053851
994989003
588402025
268828391
218709124
759801597
191293432
586706191
123694495
409205567
443953355
490291055
370040145
975586374
191681311
507049354
932910602
42176576
56360635
317208413
777713703
4474305
366908874
363756334
430502056
671496730
733329687
417630324
944976660
485792080
7323209
32339990
65631176
233189066
588411793
993798801
200432108
115885414
988072411
190793503
194475545
881239222
277933076
822818424
842110618
961075883
569174479
810949048
481381685
928703209
891504823
370802558
647781951
409402424
921836920
157360275
437667078
498236945
504154691
346830331
677864539
862455817
310731275
892540419
226508357
647865700
800993304
865498501
965433896
931807050
181891751
706940095
202436511
952365083
219791565
49636856
59380250
954709739
766914324
809600967
137673103
606070587
501204001
436438644
746822884
25854247
612013682
741528395
711085148
97155554
173087785
468182813
410670159
458656985
146093758
569629453
610395146
453979500
277899871
883729254
922717759
167051068
864361943
196879247
56244999
993450175
941733819
992380495
445801635
523138380
172024575
11762609
529386292
262860117
821682380
443871145
577157078
608955980
84830441
292340154
537320089
63353386
76201995
752285462
562044903
144939844
828580877
969612000
409802314
768376442
295172668
196567696
249359575
767665664
739069368
204074097
573786459
655601871
922940719
274292045
109266215
847114919
278843622
949301085
331087746
943859515
570854428
403593882
95979753
460595376
761758660
561342603
565886328
317137664
34822373
712746792
618378749
21098421
624552026
240996859
390748597
713462381
11593147
67960614
117553552
540266192
972501214
256419554
567040829
247401118
170994024
477791346
164515737
978323765
827915684
244983496
91013637
438477372
601921273
114544606
860786641
590346524
592486591
785074716
94998255
977656771
835225817
300229683
26691980
94642772
970781862
730682537
533110159
502022107
936926353
75775181
902310046
486511032
369364068
786995990
451317463
582805377
597451256
46099944
293580690
735122423
687959675
698962508
87119186
518219326
243014162
635450755
613181389
34757498
747772370
121955638
152135019
681386042
263221636
540579954
335822006
109290238
416335808
69686160
577706380
342249297
414694776
775974814
276625697
947024938
145530216
381013858
3506357
278887531
230340018
307650486
847741762
224418827
177473043
646038962
976937204
826196241
672080266
613706825
137236991
550647964
828512261
525201679
409782364
223737121
389773673
897128136
243757051
284927097
370590535
185449637
526813872
309744741
49169764
301669114
985155155
802253330
599099696
234428481
948467952
198459141
945977034
365505435
986749183
741592127
82470945
26960065
444221380
122066798
221882364
780277445
132792118
137738695
821812870
920075722
55087920
664187352
760973620
652843119
886780029
274017698
801464259
934832501
686100612
670669531
464474892
795616889
264702285
17781435
893580367
280107907
258190089
711209831
150442015
301172592
85446735
197458029
113327206
618161050
114889340
174633852
148562313
202034970
375756803
299845975
279289901
268253832
694638994
919494653
234943522
178007906
173216203
811665554
472316375
112912845
954195190
241778543
589020959
362732458
943753312
247429919
436059349
413773062
432251417
842118883
197800406
24858739
428998847
125491321
346607499
481428896
646844264
37714734
275620924
327938707
83205764
412044427
217892052
348375678
904571557
141068443
150043021
291842287
174419516
756909588
735656052
894751113
587885588
190153554
931559407
416592024
747531018
221191573
14756967
560714012
64369756
328326801
290068461
852992694
285670303
353472164
840810511
291876293
566577814
152334227
867018342
119729061
489789626
310910618
511057570
927024841
675131042
848088990
521039714
105265436
917321138
164626093
525613684
519108561
477875901
793885138
215949808
950545461
93380810
111493060
76328579
972986803
135141036
328364499
386541082
905895252
431825623
605379935
235245533
38565147
3337650
434575646
146336293
960087316
609383265
476307479
865644937
919671873
868159770
256087349
897761016
285219459
993751916
643064448
572201376
285029267
960757056
864091230
286524739
986773300
73646171
305448003
39831128
883471631
896519819
683735420
796958566
743042180
843066086
617741151
109516680
408257719
238251351
360203347
818057156
164275063
109052499
816276236
345639716
223892518
235973624
762309738
525401117
851335521
638425921
85819424
998219638
307045364
192596862
183868631
750152734
815196043
382841395
731526581
893762429
653826807
734336340
211545566
523329313
964298602
777796563
323668378
820493938
860314877
234726611
421307612
969788675
386343227
482907075
922724436
333731437
733661708
459851802
889803442
442329897
142305193
692676729
473243968
860106834
354677413
511686977
828869692
806997490
750471760
387883730
97693806
847193119
265075866
834411689
222175190
347201989
494900950
315018952
387749473
429171308
291214284
768438423
764418332
555996326
526149511
527265678
328978362
917063395
960347682
680288359
789340547
418067168
766061141
457117650
167715140
306259212
444902795
249347128
908383735
620503971
722855468
529981748
70446787
590857540
585208125
215535112
284489514
823062702
163651658
225557759
485742345
200388697
445430693
39018118
894782950
782001391
687789229
544864837
609182650
87057509
139144811
17080023
366975637
395925472
388789704
870029484
595631217
938956317
356682947
976378237
627964043
176625856
512945647
165306232
410108115
660284631
344413347
313763946
119342763
256491003
480102070
488687778
47992682
312064403
620399609
51412993
108902837
454141901
382153124
172607763
699004267
669291836
929130397
638824546
133137024
831818461
27210438
474772331
500482944
478871832
878149540
779775214
16449859
979141275
928424767
866045301
407294573
685807284
921344593
900661183
288471481
435451653
296920213
856091073
275733366
893214371
580375299
459169929
473303601
531455967
571639007
854469944
363468141
898827108
623675563
521112369
29056990
837236541
685523802
254130714
722003105
842348579
766330466
172809416
899612727
901685014
911684958
783836643
177569248
770437164
628906714
815073981
580367297
985820672
853733431
689805847
213924830
148330101
529457280
998269480
320024055
123782904
400191319
825801138
875202871
109728090
190803881
127134685
798333209
278140634
780738291
652860033
280903493
178984113
535519188
235259612
683267832
389773486
29495728
79975974
793614264
933724064
320642436
500654399
861520322
436225898
400105701
811596057
988641025
428398816
865807552
413678489
657186243
458428512
574731580
789525812
228113650
611206915
259973882
863956424
286291081
833594788
733190046
750378959
18169986
495686118
39594264
830451145
936003922
196053831
509005640
91551745
185412108
420032433
827876960
521870393
794728179
107731166
165562133
473310568
172862187
528842737
188298103
828204765
901045889
405977583
231941996
126624290
55576624
91443846
450448081
93425156
580618291
681164747
240591357
320022424
83933069
524119987
322311047
230110425
939295319
120105851
214113911
214972713
173503441
600978915
263703106
608319363
211289394
533552191
296525298
249644601
598295151
934624207
287021858
930677566
581349035
728643309
513835150
735045394
214209659
277109897
962998180
220420765
181916530
389369386
742452523
796523386
104088490
291834632
640755315
257621108
669792215
104823153
769485537
35491988
966614192
696863770
450084911
671537722
151062800
130114686
608705740
191102796
509281022
970905534
442785816
387847543
915551656
259924615
754659883
189547169
366039570
505076428
66818459
121412934
946765166
227312517
786624249
10130943
864471638
795522917
807732010
94226313
913413580
683494511
785436258
876783642
582661454
945151089
754650425
416575183
964002319
824516128
78101312
391883371
521844359
280800296
962986146
503202985
614397211
262334116
600211542
78683239
96014552
317561776
44040012
371950978
834477104
117490268
298461913
351855925
170692764
549535395
59761611
47985237
758823427
247985897
19670480
602043416
697798537
922272393
397000285
170030526
169360291
221163760
547376801
107956184
29402441
590865657
587446303
93261518
670519694
114198376
505104287
559132037
833628589
223478699
858186538
54433994
504482825
534936747
986720881
903755229
164755257
630983702
491075171
775849028
480721441
887329791
534187249
658761391
575239487
662542127
96929215
479889144
913595049
321616307
871278598
686372648
273432728
551906825
226319576
946023056
661447277
962655111
64317860
695578603
143310293
990675953
283559010
431859074
696020348
278552146
439937507
491191569
540264341
272565341
796313104
403447518
394250801
761640977
88654177
502628200
25009620
261418310
686952304
55041038
561605378
778279342
949412749
825419725
393701117
786820134
909317888
830831829
984797291
585801529
648098327
890350824
307569878
779977509
831255976
343968989
974306674
388781362
95998134
470564632
207357642
308526083
309150265
254206049
287246065
126996828
54773963
365200171
400093682
595602167
613695860
283096274
299705788
795579256
40939039
933785369
299089175
491768368
435013526
730333768
965024648
952310812
64393293
595507736
46285655
295750214
533425283
626157275
243999750
125635993
49067034
997620142
90855343
558877016
134922497
155818603
40617579
707460548
851720120
793964601
898521980
61994736
496783728
283193940
88720216
227758212
604981986
513994149
829262728
659130694
890109730
576050094
809458528
582278774
300252905
357858258
556705337
126027908
530285008
79302436
265740584
277054931
536899065
792455071
71393025
642617516
132493847
791007921
35702716
994502327
243421569
808232655
21692706
178031972
39263378
15259512
382186065
9781712
511560512
418815387
654662693
595318402
761686547
206838312
341702829
869662457
585633393
816751073
183394368
575201371
413000831
940753472
913069489
787477105
706371507
391344486
391979493
792735162
930014086
194613621
252155648
383249469
821510018
33739279
419293623
598952292
223800259
829155045
377936959
759012891
997282099
29740015
567493027
171627830
977377665
228662404
400662899
122870954
857431145
331930644
617435427
653318310
522158039
872388259
391550524
837367138
843844235
434572433
281779947
81002012
232421208
4023846
878560663
935430624
704192746
127988918
940372689
204371323
83233275
701552538
414340408
540850008
130627640
67384008
140322070
979142114
126334650
38899253
866521994
52101382
111784521
535108657
79097938
363052455
434944073
959301643
84931612
497853944
471757013
805288445
211625192
498137063
29991093
527056538
255572012
655979826
293902278
699367232
288038638
743333622
570616050
559451970
252459940
444261804
758148656
729897160
339251969
744909299
735780381
206448490
912609083
83713385
141814795
127246975
575021655
700695056
771038221
287676818
874162512
689353569
307940136
618103002
222574867
519040235
703522808
469358175
125809572
660678604
690301230
324220362
243135845
201297532
954492234
863826044
196093798
958449440
480027886
215693627
417971065
885454937
654020260
574851710
46608744
386846178
394462091
394598428
59786701
577584332
647371145
787000436
879033664
188211501
340997700
103643389
759823526
356496636
609732368
135034652
444890490
946266907
819549708
341662340
926371675
260057878
5985431
68378835
701017221
423957156
833247002
166203539
299611184
301151299
728151742
12451419
478549059
716767840
534197825
549198963
844459380
67638686
622987790
338841175
340991962
925563297
951092523
709239566
221918934
345927123
948602851
801063540
435769896
75709822
543136081
176239989
472015233
454460934
984597248
697852073
55289728
237308646
276215973
248832420
932335734
910978159
145935858
519489626
965283147
168949540
299085808
607657206
336380249
841029127
578415945
871592289
160533993
841914887
842072174
596717278
807497402
264638706
282539935
157527780
639002277
830018297
523988211
664658499
587461015
125016033
171161367
309964118
787325320
935225897
757441053
652388693
445349310
610664370
558995279
252710061
401626314
500353122
491117794
137982030
878158676
750963591
340735792
543793966
219144372
300515841
773127762
750936002
400053051
895894934
387743067
253997039
353246503
112847878
910560000
826714786
700765837
29485656
629337791
313951673
804589986
648111438
682829267
517425588
999325235
451679704
408454526
410889072
500991219
368007471
946810935
552089896
953899511
664764408
771537761
639729820
812709413
267322550
511607789
996968094
453946941
438971919
493099985
816461960
925698192
840445558
605229913
162073608
288107190
236133061
111805076
878316827
444058558
203568298
356906246
704514393
758159281
8890941
329969179
667648927
871012583
28877112
514356663
251683444
308240850
196175262
364333645
383052393
864354578
37480911
532705272
461303587
241101227
554523414
840550523
884337281
778375368
80897482
685275388
521668389
43588152
655441566
519276026
434797637
209430838
795452252
190401442
705348597
911397010
995480977
604272260
832463513
122831152
77998935
231450278
216473890
806198380
428360661
935879904
584238570
101768601
887830802
362763876
962122220
927121848
565014927
258612817
848093656
647545155
766498523
970720356
21698941
944445402
993418956
302634354
199199857
992292545
812014762
882716077
845530279
721090730
513489713
890873019
348765175
749074568
280338796
271778977
518654600
402569185
182686040
172629293
955519046
856261493
507169415
26764682
655415484
972273842
444383
275827031
926978805
804615324
978641562
346950002
224334907
20224820
58757462
839068899
355310484
138072386
411154838
844115511
265733804
563654848
187139341
125325103
173393686
39123840
849217380
272855462
648577302
849039527
661786242
364784855
806795473
255219282
842441000
559308505
269275486
487757384
10835215
569633888
367180764
623278388
39895160
456653214
639636704
807664304
195111071
61176542
75007757
755320912
162062256
487010019
80632594
823265446
4227939
780807688
50998466
733464983
268085951
355646922
595945566
989214289
440506648
274144359
160868167
282481071
202501898
647695891
594191692
564103202
68925684
647368122
992981675
466602044
260614123
536811467
909868717
742117530
84898240
725651301
847431737
587417178
178254728
824452315
304727745
298477134
250588155
824283909
887535418
687574317
155804013
176950099
690481258
540789328
788633693
166281601
181374548
232217441
441391822
112781238
40417563
319173114
127067124
731621841
101123677
30753324
193957348
966384699
499709617
754392722
932770063
714104512
139064436
263097109
564725310
800349077
101228585
660979248
953592134
554638660
823578631
127619607
220464853
335209107
66780061
927360318
195576405
924290378
836599941
123234687
219300230
846062937
434081865
578145045
413135784
229665247
835549060
159518688
25552429
166608452
849382750
38152606
978927987
261731670
304543618
393326903
277299234
30819956
689120218
179633444
877486145
821408482
686525616
63763342
336051473
582935623
122044560
119823909
304946562
467256773
56140137
335659309
372495728
174655813
979942497
730238326
612385737
800445152
564308258
730907027
61987263
73068543
8643853
653941988
11532045
76252878
525614499
775274054
403439419
387089872
559923242
825311177
79227593
891299979
281697148
813301669
726619765
382154577
438790954
705468568
608215201
556519331
861011974
721809661
733279100
135100476
27045186
115862744
780146621
176399696
436142988
930014479
806818360
271423446
306485551
79476239
312785090
299355405
649652204
115641660
923575939
616094071
551293473
460529428
259128880
821625519
40929583
45567013
256501042
317262151
506998697
200325355
182092650
726230318
735460134
48744857
185266798
153134900
898533120
427834810
302035943
807982491
447314827
441120131
356502071
761464540
266742869
374821121
784017378
626176579
44254736
910237683
131637369
96865137
640313761
578683344
513465673
479980163
109522819
42864250
166227835
712287954
138279821
31917711
53944868
961621319
227536866
684345058
512890862
971030339
328179423
262200259
342545546
275872462
433664992
793662464
245871787
938161954
344412552
898642252
231668115
97683426
377205908
58840286
431931724
711622041
811176310
124518095
741495415
617958107
296571467
377126219
767484252
517319739
869551364
245556721
923259254
545927820
913535831
387284570
715961387
351993219
46215123
819096401
568091535
85178551
479066250
145443716
176124846
366650823
119545765
391476108
125788728
368149735
255066007
287365418
240460906
392436493
290933026
498562148
677880118
362000645
225875918
153406456
205808041
286394299
877979511
590318004
880253315
138588374
955772133
903543013
781380816
339034001
65130601
231697761
153818973
64853847
289306820
532913432
753447812
279565846
918306676
846918592
764885414
688216282
893657094
470743671
145902480
853722573
609459427
946400637
814172277
985082483
211539968
659507742
480866142
852395062
660724208
75079012
124764023
85553111
236079482
932981069
197109538
222409949
475601963
357080900
94481256
848387609
9883686
907093918
860057112
565811229
468190104
217049204
807241959
80351000
459360037
424011970
119536914
35896278
594313889
800981548
853989515
214254814
882788415
59147122
101539750
645254215
287455473
201373277
394933711
84368887
76281501
117311083
220329989
291272932
131404422
524906140
915982404
714935508
38360394
738611430
514469948
880195315
715319923
96244909
965362402
363666548
481218096
287704014
518257501
533007521
209317399
912352313
858627548
613770
163689913
904644761
150589978
589986983
860831218
751149720
601675830
152346800
226270311
414818322
53606137
38437222
810242302
15225090
285023355
142284808
894896165
351022511
414711963
327292689
273109956
289845204
726822619
728125555
538294842
964564546
207368692
315025971
728104074
728538309
30638310
363075726
851484078
931319506
182659055
992141955
106482883
452892805
150440243
913701708
371175029
217435523
397320192
131719460
807678913
227523308
717227004
782467555
551183941
580591971
22440939
217044973
379607543
949185961
203199763
767652548
217750982
176426604
807064765
497511746
9031390
827241940
682585419
638700725
713099940
713399108
736530296
342082979
515410828
369466720
269147338
709940109
226951851
856415571
291178190
46745539
537341294
147207778
69165488
267173313
612583105
524627201
724405775
232443419
257609609
35516532
14686212
497998116
354925090
544619325
26500770
305486264
585319066
238997915
625994136
323002025
230951015
352130083
114164762
864234302
445801996
442274724
949755473
569691695
546500978
41227353
251073048
560061142
648821331
205190768
998434350
996360732
32568812
882130056
906391288
198272742
443179261
976326751
504959965
945035118
822910622
211512939
142573956
793118761
740848658
679195340
860199149
775651524
572131092
563686104
184880846
1369186
458320721
119502409
331209150
261210416
466645048
391294229
515611494
48005667
114551662
410884297
772890834
21310860
212914193
187786093
411454703
714284309
88421746
152234293
772110897
637648704
121824381
138430945
270905745
267913025
425790797
302608928
398172969
356867273
158293187
176204656
46964262
820334664
856722939
761245007
306027468
996743876
616352968
616850235
327294707
774376888
239041886
376022500
19309007
840296960
524675681
59111523
47144689
933657550
736825157
695062301
169169250
537712273
611334638
495951471
79500396
695474590
369051095
341183080
746724551
961374497
455851924
257093498
559109234
956809847
302395651
154408262
965198108
127638689
927251192
674703024
443183799
380366977
338997127
741916200
391359190
94935697
979718105
901153883
212639859
310840699
718687505
158212531
62621912
888641765
545939301
56254731
833483563
21656222
731258986
742613189
100616510
727119378
616835293
984246822
590062965
206745320
886445273
124041817
145925182
77942128
211803200
508571608
183763851
113520814
537693424
956419951
227131381
835665619
87835790
387099378
976043676
647453775
56470956
412600279
278028399
90073223
346943008
59330418
319290152
38328351
43111776
413105381
931333633
71691058
338202417
872474198
906055351
950616113
846001773
107204133
998902995
8813044
221060032
486764076
584126273
856643037
260971292
181217935
705580101
701657405
68047236
781471218
224995201
408404921
290766098
53936504
99128479
801204510
665585863
218658703
232926242
13660167
443131850
834436802
71531522
444772336
62961913
510686435
21618396
600116713
519658459
101230229
23510534
329286966
376092514
415555989
681016800
977279114
397838203
550200537
503357164
8678464
139932639
25911057
435382149
797057059
620038565
287287279
96220463
819594938
481304152
441518527
674697926
141285046
594601380
188850623
158153662
686576648
724905673
517298557
663172989
119352252
582843082
770420914
863915885
79219868
69951252
781319282
357145213
166186195
708430594
873201302
539016992
661803133
514481168
691924081
855817882
860077030
820290185
112385531
4866622
751879785
391246973
59547887
207353885
264480728
286831747
995784715
776432097
420673751
556275243
41994997
693368817
275197101
311459970
924976573
183182934
67354428
466816128
507578455
522822815
839768040
128770178
205451789
699896301
926507100
204823681
110619703
90728891
502996861
967111475
698975837
717267333
474243900
268810799
604138882
50546336
705813662
615601512
385736876
727925944
705483301
199321461
804156543
333735459
209008642
943421471
401622514
152407351
192842009
284261206
60849366
488263795
191338398
692930940
985193795
764807842
281197387
62212776
361814315
660801477
18605015
742911957
685948035
29968633
346733269
439537473
888781267
252238801
82690073
113361669
195849383
194825329
145390857
885945759
551530255
436626956
197742010
794125744
389435965
358664082
977147249
825803308
727922488
40278906
458684861
390574885
552778289
488695772
55603791
13935803
588188540
360694707
943516828
292968287
229303904
552662138
611399578
601443756
697067646
56227686
394240838
325010762
648562409
13480811
210051821
175401037
223093429
583255804
189750418
635535640
158083602
929395509
337145767
830271700
195844277
593025512
827884891
555287976
689687512
689299000
283670223
939322644
484456486
313724334
70097381
453821317
269528760
147519905
23285297
550308282
286353652
875052732
812203861
156778356
784086712
463654256
958162934
702865678
362669274
900917819
316486808
63334429
324720954
344619006
876390506
662893328
28564001
443400619
995841966
702878727
534528304
849049105
485709225
119833364
357369502
443897512
620911591
11885919
322592518
241373888
488972612
617576105
35598641
152454493
76840548
592909249
629298603
937167606
403503778
378435626
706080313
753659421
459000607
368435709
909071253
356982372
49487739
87093288
690574343
800381468
600219590
243323809
524218204
502693261
166153602
101917326
180224448
115228708
303750497
254085819
747651229
319245054
550691176
655193058
348619411
888483385
292573561
957336956
702544146
731697782
236718706
145620102
759567736
249857680
396679214
982593199
15450975
331803123
65493877
775832905
240161385
448797844
857812316
793142630
30765845
145930391
535298595
272907695
102174624
702906127
877577136
230986369
250168104
144787883
211771529
214089260
845296333
210603109
174405935
670181287
875560512
757459293
648475690
912030623
977659773
173251065
299834562
688287707
844206493
400731330
521057534
119474338
47795930
979199455
918403336
563788836
574139886
481608347
997663144
298501272
827077263
119206781
302545402
691649012
554430423
68460094
65920207
808448554
209461215
298529380
904074104
798482287
309415333
158396752
758397551
959424201
267869005
698533957
163860720
259243872
358093797
474976427
348660354
113897683
373453660
769532640
160762560
792372967
68044759
737608270
608669866
601042645
150819789
291187802
528994075
535186820
132005866
37681400
423424940
872458562
501798562
575933072
513003780
889351050
370224102
179529313
642796913
161102547
561370357
151110062
437142497
854922563
48023665
701326043
337285661
80186869
792831091
325623086
6983152
61970348
276134893
547351499
475789677
696312848
489641744
511427566
215662646
894807807
19577734
271520781
120885146
286148252
874765918
365092638
686228171
479103162
396336795
434188611
320764598
248441085
567962278
813948304
758975262
910851871
675663549
94697032
246073290
644236532
772064148
515694649
722171157
903887985
892359419
936605671
308248824
367215128
267334709
532123961
781857975
435468661
888745677
181621247
376496000
721489140
824785160
845725712
976758344
420678003
796514391
322080227
374408925
565817175
372854751
878155636
251057783
241890069
511201037
715380179
216535789
84284798
416904046
880529094
49986814
295191850
278751187
26113413
320946125
429065039
650761238
226785199
682043561
529190217
263063088
435964957
682385866
201405673
113543678
889473765
253775712
527722468
977191764
926629144
785600817
466324057
731325189
819164343
253205019
820211561
261088304
112202194
336416624
26296773
29793969
320049220
850033394
371213477
39447226
737990613
896505741
591545045
569534332
686314819
637231125
761848048
965475377
328629376
918773211
518266082
484297420
87031793
221306842
789094738
50245432
727055708
91873410
22977064
613917172
649883927
83067224
967235468
105750466
297806036
79853101
167125148
319271322
121832710
349524688
206502127
665816627
63887515
278330624
579668186
502978862
893335656
754050642
539782584
826786457
806629497
177829092
404270273
755746314
178427888
299179648
119094985
931301639
821938171
682452725
281882302
770629779
559505559
910704381
302648609
173819870
115619867
455468461
959957266
796903230
678288486
936674882
200467239
260912448
597405888
813163577
831867147
539606167
295862252
244615048
465981211
793292248
646969781
509116181
501593445
318596687
305446490
109614900
679960070
479585399
708071392
356043645
637895601
946435374
966691216
369107626
502608634
540970692
273601789
609170502
642687658
714879704
529121800
868133682
543191549
463964082
212463288
364354601
692655028
425069688
482290766
694235864
831469970
879683644
243924579
739074268
902261621
63573662
824519816
772321319
249065505
242736786
229196142
845275483
803116408
908523734
777046534
882272728
270007885
205103359
81192449
248700880
395089396
994251909
84579360
427232554
301396995
476740887
402785497
880422999
207158406
756296389
316128165
156097915
732802925
315015183
460882015
99102869
875183208
166712595
256097791
79411143
476535464
717359699
585214610
296189828
554651805
244650014
120714989
244089030
715932410
318907049
443596034
703438850
61153722
3752220
9359514
797728899
833049869
242840692
824856595
387366065
143361307
709759991
767240675
23029925
25215346
174994022
41142686
398132384
789857561
914930801
841355879
533425205
369472349
82779774
691100868
137409779
858015831
932038080
69560613
293605126
526149343
895216799
950509589
803271960
658607774
672886318
624841299
881341345
17325278
174171785
282206379
164029380
755866447
181810491
834584564
437689593
946888774
335167186
78048299
830009883
935182920
677690894
620802450
948360668
938002694
18703016
112172357
264741955
214912112
987760556
339858022
966620659
235918141
860739655
443967426
542199740
128530373
91085569
432903242
915093009
617568595
758428733
304123588
471172580
29089856
356340489
601395043
590088074
915708610
518489629
736381056
88069694
20891318
113092703
5183403
740745242
482331989
798125564
677875698
427688791
995270647
110788745
936659596
213054792
288966339
28072497
491014356
260607146
792473939
581597075
110392166
200120668
46073469
757431470
809533901
543773018
456398307
262852468
685327287
573168168
341607427
8133258
267661695
423515010
856573357
437388226
125050740
861375874
762754731
739283465
751708181
246740058
666769863
327811604
669019705
507619001
362198541
439861984
694418642
605131654
860148053
193477588
292922326
644358967
182757613
118446668
556213758
414325418
640473086
533232551
535707489
101602040
122918284
475334130
777291325
347383333
363508148
131531798
960086184
284677052
383261410
651970147
514345136
862930228
895103063
429102299
998885170
334254846
145227704
114076863
355486378
453012904
9012132
26539760
191112167
66127587
961904413
471803352
872295179
866103888
772287291
731013868
214602981
687936239
678140181
140315254
365247442
548034290
491723227
693930549
36044365
3144675
549675881
365941300
507006604
342955930
151798545
746054049
548427891
304229382
101592191
923157440
231012298
776560863
727760907
744667707
795193838
227056137
682501561
92076300
18458030
3451940
810452399
576895662
157269308
517886846
444836126
896062980
820243990
701944025
433375861
280344465
94420780
148629137
75292941
59028827
256202226
127117366
507869802
727716396
517625224
267581243
399099445
665614385
870804979
352209654
28639784
876126740
593510467
130512851
445936473
678476133
496656314
46019782
815536362
596201949
666251304
248595852
443657756
740964760
880028154
344257383
61216041
466423685
967382910
736485827
833042439
357700835
175997929
26666472
695287927
745169541
657740013
837003923
898178198
688708561
144138266
85770816
740926380
832639117
979330676
5017305
698950
654646707
399308497
526752904
927064366
863231292
154578393
690149078
672645450
167459247
316245829
124004432
697053776
478669349
823484626
500862351
810407750
925831414
910551412
800948075
720325654
810543990
679545421
379141351
221931161
100207905
157841628
495639401
135161480
98731085
320180184
411348697
525731836
181227462
931605622
452692078
651017723
402154491
28688364
479792177
373312885
225886699
287047535
121380592
482363507
690908696
941245397
287016990
968732395
297551958
513645700
608902014
343621566
574552313
389415245
827950976
159323916
108420282
987221540
21102833
163170871
324209911
452320030
151349815
120254126
560929756
681031805
416795482
640392596
937309105
458633051
94105184
998475094
200361542
957299174
125303961
283144940
903762167
743464703
452043439
350999811
100014766
254179667
387177635
679778031
604161669
286712607
525720266
117615782
421871916
905380060
424989803
233635999
692001942
703311200
593552339
145063037
850886830
937821599
721677777
963785396
695624080
643610965
488073705
771822624
832891049
74248897
183375548
218317246
55944290
76558932
45569769
304662485
111286168
599290148
462686138
293017546
700607494
348958798
212006757
489816083
779812140
923238971
866572973
692027516
854844034
22284187
576843314
708167992
325894949
787618523
64203138
929104724
313669115
678641312
552375169
835278535
255118663
218847543
220728205
261951606
891675773
597171628
256340754
21835062
467873465
684502054
191537194
933549050
457259485
365185864
84709220
750816055
960744227
377162616
898688760
375540613
266024098
82250629
185101317
850122625
236484749
845165926
121799674
173871912
369055993
873399279
831821680
138383016
347555042
179842842
876817668
605167133
482733196
11973928
298559505
995802042
847565412
777524211
929304687
740399181
640700218
106872525
264728412
563699981
21666599
312867960
109393474
609682173
898931148
269916531
865470109
803498301
691630452
994396640
558575748
597052431
830952886
41094845
355876346
818289634
788764803
475185408
881158447
320882402
581970384
457580125
743779446
792382271
209588201
406112435
408885321
928697886
148375773
900841785
341945481
903987109
462682572
148917447
385998319
218549901
815084567
345128682
165490393
892929995
273052668
483667335
815542559
583874122
434102800
819729760
228606045
129891982
348498144
151079562
724234793
277529088
921207123
39102111
62996296
43399297
589769021
38294936
108349369
860535061
972958422
41079235
515682004
586075279
751325523
873917531
281771891
945526715
2617143
359384693
447216440
689927992
860370120
659960182
271060330
529192706
958695855
677282792
353052950
2327653
666027652
805535614
664793385
473985861
641277130
347992406
525274687
214031267
289864649
133732269
838771655
416095376
843331524
324171668
208642962
220013338
729637611
481373753
651748228
27062810
946133729
281439582
153200737
15052188
987602990
373035555
709587010
697266958
773033859
957881429
230113414
319015813
478762139
538574151
53751850
324642283
776200921
942049313
440452608
655210266
495928484
723086227
363066731
81160442
748276244
256793759
433596897
450254533
775301289
208983706
259643538
269201632
211096658
507023955
162493747
89472709
993094533
131241331
238001888
33491067
845857576
594952790
549013903
581855962
737927136
248629891
680118056
524126752
242681978
26221021
187671658
706328972
539919535
779316980
42153835
217487824
591751644
717611656
878814271
22586802
378160649
691811028
573727742
831070345
452430651
214255308
395986171
628238698
194834367
452830570
58882314
409201247
445942624
996033919
543151877
245363534
650350253
669440939
45488115
591805728
67832338
207455657
992714845
75434313
655075873
878525539
489448405
65880745
220671545
154505793
295468869
634175036
140969213
664262585
43202939
979849570
376814258
403641555
944742335
572395728
132512348
580056428
420071123
812485404
303701595
227479246
785858092
875998309
148957570
966614668
468799697
389228772
19199302
529232030
288388650
601266737
63958714
252452948
925165588
324512194
516999
449995015
951546882
392245245
188615547
704427443
716850644
14927177
166045527
970137435
563401374
741713222
97743080
867987079
846823920
939252622
797629053
274501834
420520722
139745873
677822566
64202728
296415234
855426061
622960232
185059690
407064825
623444267
701963739
728031050
505724662
366091026
505003205
87971665
511713663
771276791
214520199
224263460
803117593
150585880
113317013
231768672
858999871
779395597
432061581
685168753
521833377
930727373
105775228
696320507
4147633
107239252
34231523
815879680
988926707
232303527
78519582
252763007
489229832
787599006
64227010
129648801
825983073
512600170
68144842
15910886
578858961
518201086
398145312
449612685
483041189
547759348
654305983
722613420
526684140
462003114
389304712
767692268
10856570
673154832
804554570
241710900
76574140
735165279
376944455
108615478
507608204
682012193
919596221
529778358
119697754
240122806
282283500
303872273
345863695
40878671
460167249
30516385
71175059
117424550
982305082
852863880
713199707
897857331
663091639
619253606
521717171
534406392
942104541
197107752
370999608
458869326
843159681
84994924
446128658
701420267
390778452
490163333
61184497
708704145
336408798
442924532
928387589
847928766
114437704
782916147
430490401
926753923
295873839
908190797
639813838
298263963
452894123
312976398
535991875
87404395
928720338
4087451
181647261
589482932
594027175
809402106
382977257
103755781
368222768
779933929
86015766
177441191
864450775
585127747
529566671
377967613
854602176
152884400
243009067
375451139
895846457
991938545
128154733
532346674
546383509
711164546
707545912
115887889
481250573
99882794
770800553
863915784
971006557
146717773
89335256
271127274
867900028
663214223
760089924
916591536
186822917
898165188
203156971
252432012
46908790
798631990
177270340
594730022
106590234
146853324
526588582
413792300
601450860
364461422
149159796
885870086
518294786
177636648
372546877
276317078
196334499
90371711
550936568
689287210
803713041
407822738
278487539
21786447
267186993
93130133
557247787
491163360
918831319
662425540
67405386
683992741
974222408
656452136
761865572
210088485
280351166
853953657
479578258
680975082
206768114
972341133
252470307
245285687
116703341
452655004
127229071
280533879
344139540
854741624
421746037
723897108
391393215
629973490
927286758
604346845
366739769
171903151
614237900
166894965
482555674
394937522
735944719
167070892
386162388
259544209
656307583
950976363
122253434
335116386
875345849
380268320
921530222
366707002
302620811
888445668
503454315
973726073
855079772
557508742
136263842
183324071
107069677
237562813
742704246
497027027
264266433
430541856
485845851
198900940
199759791
344013581
282029142
415922115
435433311
637860818
423350179
415827653
53342457
194850024
464770099
981144170
253266085
895577842
588171413
47666130
412318097
271444669
343894072
23412413
28785957
585490509
889441978
397344691
23050792
703466236
325611393
338408366
877276764
171054586
646350070
902865413
780350237
345220607
194461803
672278889
594997374
954658140
983506351
234491917
388927544
576222972
616129137
520010831
113651238
805935723
341391195
385178806
662076191
414209816
311642730
774170291
763595476
646427460
531523411
870064251
150389345
144318461
171190560
97121948
211449515
739435110
230582297
61617605
54222858
270829019
491053469
992899208
515639679
990092206
994159780
556085594
984160611
391729147
42349047
409654439
899445932
51035246
118823788
765087955
588423155
179950893
663339507
459899354
211895524
109661590
453890441
188387838
985686656
522990190
488406362
628151415
22800827
314797289
193293183
731407592
432924617
852218875
755997203
52016591
463759149
88811480
381994586
717677044
313475686
900386469
672770185
198699145
404564690
870630915
117973999
888678547
877530104
971939601
970492519
257669525
290272889
43771159
753592465
125022035
713359425
670113871
611076060
410834138
823480270
164440868
98983871
213551548
828162278
515314067
269984681
721485466
372037606
805112056
35011018
177440432
168933360
816036974
789714934
404287877
977311084
691038988
610331158
3555909
31431677
910480036
570929471
861905435
498897388
123832114
425196476
808750480
606827709
396614669
297171488
167104064
751050316
498094646
259135770
239206785
323911944
14442169
350316484
266556253
176343178
152870326
32854202
300885924
760668597
507096509
873721438
160243225
505891764
246496954
429565926
268376703
612924903
584398059
626660484
998701704
319811460
140045022
380007891
153293275
432814204
146140271
421485390
355254958
798272372
771664012
683651855
498860725
751358535
139263130
349912554
596994219
268977471
330112908
849174562
959288418
672915326
525014236
992025616
506297557
506529086
39922951
134450627
284181716
912388074
8502244
415690785
293928407
340461533
274610281
415483777
511112685
596443750
469427993
705245279
427275379
977169169
902289489
263318386
266175015
222279169
276521194
704460794
194836026
813019177
279868275
548049118
497311374
348540743
406112984
154571223
481234315
60300754
339232806
721860220
75719127
304456405
576069668
682666341
737649456
279607741
131728246
877324126
808613719
205796374
553119792
488786443
894678956
456437278
959848196
503835848
318862970
651265076
108994783
342488107
235433286
596059742
666809283
739639405
64470286
789732178
217417343
851012032
163884544
411731382
210193046
789545050
784231592
144857879
3533904
784711107
69373704
587664170
941674349
715125573
705996221
963858055
298099611
735164595
783759671
777173307
742895122
468261373
230896417
231608588
313651630
286084811
3887275
133569621
552027351
431008668
927427461
970919724
199305379
586840203
509420759
157821669
24563841
434067440
2608602
596625195
494652827
289701867
378428432
214122628
127114249
605026294
500615753
161257034
725942224
923322349
532956320
254163991
671573590
714871819
175023649
816855172
651685971
904788030
748704794
903814215
818752377
647275926
325857971
787654485
969447609
530911123
620017052
940075444
60602416
484241610
172110331
192069798
583119126
656177114
842297732
447203218
760782336
913957633
87062996
704860795
60194436
49197414
167874244
443377434
923924588
970437091
380263691
353883068
463853818
781622901
466302280
847359247
872631547
401372142
195559939
128941109
454114581
672183208
499542043
891205708
414976744
458742565
566004236
277695746
961777498
751313341
112154835
552405965
202993697
452316733
1096008
855665993
499098010
615320092
770726021
867536073
955695219
205957247
151935783
231949790
275058856
387938638
536087722
208661195
124946388
931544056
434269044
142822553
741673755
367017165
966001494
247834010
44757084
972565536
79147675
439959203
642522874
794089307
825477709
567705454
84705388
864828625
884591222
560693949
934367245
960207207
881705747
485985738
16771000
691932962
580365565
856047844
243940653
637606711
250926067
507524966
158564995
644266036
503796957
138827439
965742713
260793260
439942182
93715131
342259255
689753244
522490429
712087072
794621960
334161936
638396469
423880936
670777485
12075217
550051328
681590612
611225155
34242339
740604816
883030698
888071080
592445485
433693230
721704911
117087837
609202004
644633493
782402072
965107506
221524115
566964120
105541265
685687919
896647821
284464048
898742924
422056622
650220268
37633481
831132566
179832953
455378652
135176649
246880154
681893639
271388874
317270816
745997213
907737866
137721939
461773512
892335564
679130450
84123425
186879364
274664686
119674847
218990905
110410067
668589777
165610712
741759406
452314060
887131146
341100786
667952475
399127221
4384155
422087764
472391493
232980837
197356997
231182077
932339434
309421629
44592024
230814717
542090412
783640211
589265370
839330091
625032918
428477836
809807263
87271264
753315332
72835903
70877271
686894862
147491271
121618144
813935035
799501300
536456874
2602528
378644234
78939263
337255958
433754173
911064750
765739870
445459543
237437727
500851857
662726351
125107636
272853015
178662498
360824053
412224969
255380401
550563124
683617251
352677200
264823225
379546612
45524096
639474142
802600412
140063375
173089578
878222296
94457721
675728581
882363334
924915024
525249462
218163369
436241946
125268765
770773961
803981234
600109264
938070557
268743568
567968098
959071056
426470811
511717970
99587400
751502474
95317928
2922722
619980522
218631802
32204930
377053565
272109706
558420634
54321092
66422400
806807073
536071498
866190414
118996403
421769157
539421945
803803238
550579173
691637377
676325338
914505299
784247652
805191439
636551874
409798341
333248776
406518022
106021216
740557097
721853387
928149437
283599952
213216440
222915074
664613284
232044049
517787947
533803230
721743598
368387362
333321745
579607016
767912832
651153279
527291995
456797619
713592650
852732420
348416180
781691773
326219772
60081776
254178310
368870172
756446886
807940854
314370190
908585004
133881714
36649132
784137553
328364637
849335901
203343207
729988219
950840725
957300618
945519995
668219839
878581934
308903982
118300728
599140555
741821417
118711286
901925151
883958258
84391990
676043649
507454469
512970571
844832172
339027744
88095465
107520380
97004407
388196190
590496293
419853297
4087109
905064193
154260916
419135420
639553091
576377064
524029368
403045848
457126911
233816817
435723580
947826256
827610105
128186126
793245834
17225455
819230320
911808877
653432738
284502263
455299070
983182571
279907698
763000162
456375709
292415270
381823586
582202388
253546414
204252100
207169790
354810179
119549238
7851892
20263710
444739888
541082777
272977906
818823886
3885709
774185762
881533278
387525821
682437460
840894391
761909658
360485184
972791399
534397536
91061216
940904167
122836493
588070182
374904944
642092236
391481727
525529313
951041809
512840800
705495175
87782064
56056462
262639750
644612666
201737085
225648428
256297186
391633599
237407639
622658091
787936373
882037705
2235008
171514641
27854261
55937770
2364689
820241815
593287061
187831714
715735974
742829434
133562110
69145844
407347592
117790891
435708375
253410364
400569523
474089800
470897654
350186915
982823682
834944552
233368762
662916233
196906986
966633188
163377349
95932839
984045126
267098284
901910307
278407912
36675810
164570872
776933290
423053213
806123568
413130042
366741609
533734662
822531833
492945809
394781704
849386778
207147808
41058328
602174308
856874244
580690123
23260192
350157482
760555644
617991500
719421395
609369196
282093556
361823406
83890554
714934197
963816915
554303911
993887524
947849524
671075912
644533446
107572062
190146450
222130127
726876081
203522923
220302905
115709727
809885318
732749178
189518867
241602628
296110361
634185604
857218533
361980153
618061198
969045159
505262802
598056148
353204240
689114396
363367851
921776460
524720862
899529547
355424843
342792389
399340024
550233249
942617520
709303405
207998224
700486575
448021918
61297636
193339944
611471213
724432918
738418258
450028502
322123849
753968389
857481717
459304376
791026433
421447955
978993731
236654306
776126354
441204300
226637583
227863073
618420834
196879020
820467211
965764627
792167181
699571577
985600756
325972273
128433330
280072454
589222677
844026631
434291770
632747249
714046078
177031248
414312184
711780115
688589144
713955274
308845966
321247593
320108115
315592727
817024064
997598607
560516893
373154247
882425688
104759581
163709090
723023247
164926561
170544981
146689869
98039819
525330663
987863078
124584914
604104314
261925806
468580228
736543830
530229482
398396827
920716473
965892409
131058914
282100661
943633586
122339697
171025577
973780523
146008100
446201736
253043099
173028050
435639093
224140997
501778043
701332140
688095324
111781552
900378050
996757691
418155797
704229973
310129716
656835609
420953083
1984140
835955361
906195609
421162312
195791696
933892409
485665347
565741352
578960844
211003506
223867322
12648186
23859148
765555539
410115205
880107611
976576109
946386291
814302156
820832687
267743331
787093573
682749619
406842987
149171757
269627984
233507932
731691329
214667284
17681517
451036145
425041520
104193625
342414634
407743629
704947388
68773598
682023434
121178054
677315835
911704331
796864040
493867291
925261858
201718359
662087638
555637795
747059097
14699430
473916067
815627875
180441958
424960360
747825920
209437118
572862968
356810827
364113095
729541201
761414602
451869725
835963153
247758833
398097206
150785568
922694831
107885471
20803036
915776147
115842075
872092236
834206883
720776603
841114050
155602420
808249273
151387156
745960952
624279884
747755740
116234775
725212461
834566345
258629357
795892881
308851612
744814811
612772109
753025637
366234593
237573227
449859273
109381447
558830584
911104785
943339546
250322874
209527251
109101528
751228838
274659949
693910234
79992737
959897730
734098872
168723260
999835994
75503118
271409515
429074806
362506217
73772848
421805035
820607163
715162127
473378967
928067435
546449144
143965696
158507784
466865775
576793002
563729357
500291790
618862809
496368430
904970484
829851533
247861620
87560160
964333447
260805006
15440486
14681728
265963878
778587026
438310354
969411712
160717537
81508747
738179136
120108902
98152099
413742066
285825917
989282127
857666970
58515716
820758981
239119062
38816852
442979902
394171453
733477431
283279625
501004877
854313571
88788474
667962444
908549782
195724105
667572425
719973915
253813962
683327297
156257212
29670361
612904538
484666465
106378213
131015096
465186810
664971333
85714090
546968837
281966565
35623544
72019290
147960763
700922221
894958533
416084810
521486999
219868207
723984265
591161485
203450240
992860463
925412538
812745054
470752750
800822229
477241948
133130335
135105972
485685350
859838647
457976770
285014371
178854840
177402177
32131886
502845524
530028124
601935366
695005061
812220246
459888487
555142781
200451654
490442938
187780038
463669997
407899080
10189426
214700930
680073043
189051489
761989633
687956638
376534008
24671931
254025810
72856599
782229878
162138101
517563914
175495904
137937936
23380348
701221950
448787284
650079897
6497626
521199184
334893157
266138640
834382161
987934311
160633040
141983308
911672800
167717409
151176385
847191971
499447528
90983672
304103971
573103388
247082305
729388588
238935105
775319567
29357378
243831438
907944746
164441771
18522117
662075276
73060856
835273199
987944027
3257850
678368732
806230885
203532754
395547563
317655073
542879385
105721772
827153101
98484280
493678337
533793142
45095938
368689134
332227043
540733256
192953183
898643820
990861903
50940968
424554884
401836954
201047070
390085226
630001990
521669474
92924302
791541565
286815390
345375343
266315105
155672624
466839536
456715457
58141305
235712948
178937565
995215874
797800161
975826239
291027515
111165885
371730510
520899138
330665513
616970275
374804151
990049972
273661260
956210238
850988064
487619096
55692863
286341039
7139191
82467658
259653266
151622221
864478660
61883908
289406733
632362775
74098464
928047633
467897450
159968500
629720878
21244145
239021313
886862273
56004748
455896107
576575393
144035248
263014182
403452124
1183311
736125952
679319432
240589499
845065064
751574842
195909129
950662800
860754636
177495416
462127098
814921509
780813797
815242279
346550572
154533863
460336469
323223884
537308121
22703391
507207213
14870003
939594636
939086311
315281925
635512578
940863801
952609391
770729828
693950601
931091613
520917397
830604250
17174843
487966192
231372300
986051156
345771649
253100673
616221170
10863333
280887345
983460254
957321286
581441060
226049602
472092267
39695643
27183540
788928683
659270119
155497535
392466513
345819373
224543288
888143098
752610657
684969122
837190740
403755015
380027089
794163342
232016552
733016546
131516379
80356077
923463484
999827916
449192172
685514964
133220755
941712297
811062474
632341936
395304859
960313640
119228875
983778167
309943748
808715114
191789946
932420951
652965572
477980920
900476807
63705499
151931226
593017467
918027806
973354773
932562345
609232327
710785326
961019305
780560725
305158443
425170839
288481205
299621299
426444577
325812340
928535382
401027818
99808738
938450866
740976140
625100162
409742678
264650487
70705462
240714036
930081153
168855311
673982253
17663984
164704008
455127477
172219579
17272759
557179757
667674914
734189433
356242021
216970910
38404435
732142819
56690721
937812021
945715765
76624603
464461215
835987360
691543232
529993300
640239821
809904609
767026344
336677496
525331933
879600970
593919907
610856402
224161907
103180216
291214479
544974488
561353672
255365825
195240971
427536919
157132615
14854616
610203828
206130720
699910754
613859130
232874883
410952750
108027102
126257467
420178771
973648254
505426284
567028322
775802672
961850939
387707987
459404665
587797117
323399352
369838154
797709244
84705321
665361384
251833309
978019967
535916843
182536707
507321694
331961421
109897265
219883212
685277302
336972940
27846773
813973696
234526341
437472370
518110634
277355856
488821662
43813137
598871787
358381074
190318735
176619375
618882830
864606817
324171847
268075492
919364714
179916055
135692321
498318063
21499535
1512593
776866823
523644790
798960704
603030049
948031989
394396672
948246039
716698877
824578177
272168972
84853834
940350715
435860582
805519870
915331576
732011622
713310593
151835715
11365020
51001206
609266192
289354269
149124565
52741935
86044963
43825019
255298202
737170148
382887882
615405011
823912906
790833891
329047227
157859132
772015537
511342401
975738251
826494330
555495686
994267058
894435954
48938678
254395871
252804382
115599915
331695400
630264752
59842837
422481060
62275565
157564049
69375202
739388691
14985519
101698906
858847785
171232460
68257563
876645658
103099338
740019057
569214451
171496814
12104861
801176887
602863175
582273421
573247704
334845357
39656271
157768133
183806708
905889396
80373667
502883896
452971532
629028111
222346675
189572431
857319278
602674073
37590736
989408014
456764528
287060137
711196205
816906326
403388523
546182994
561213480
938875371
505479484
920308642
204893895
732644870
749628994
355167110
42168334
664880653
915640200
732823126
740767574
56898097
691810591
524210675
618695848
901948384
912119990
352130941
667219890
470441867
164140743
254229645
936820647
250220260
687936782
972929334
82587179
618946052
916188517
756761105
958351531
110102384
905739438
190320090
98179400
793909818
550967793
278214081
525809644
556651240
834785983
278188808
732347321
56391206
578157386
683826928
141809025
374231698
804970135
473939981
20718540
394878788
902923437
664257634
600798642
264374684
255363870
317391852
448922626
791882631
969727196
85967895
916661780
310911097
317810591
983078511
397591571
495583202
204076914
265077643
180859729
758358923
149462063
340830525
706498219
164564570
46635449
43956057
994002753
134825454
233183475
236860534
39884650
300341390
939095564
452474065
324121363
549846635
178240551
509108987
436586572
494749056
588057411
858834056
235773987
548584165
136807438
660071515
180749370
959894335
996900332
364681538
941760261
403221290
819778320
103020097
251815605
899645894
459423264
267554773
543979174
185234516
543407030
377982977
988754743
561307687
936656185
703990910
399994376
116695299
70139486
163947803
153419478
538660169
891836196
663735215
858914033
320184874
837775730
53029958
859536896
699554429
425197788
731477558
580868622
658352284
531574514
692213915
890609817
412463109
585341433
795319759
10311541
513604609
593312632
735460413
585454624
622935072
827212453
572689361
521235037
749040582
416468944
856560905
187581040
191811456
412160389
459270500
945429947
647931054
87576932
162647828
664701602
559752027
411060079
692301524
718848524
916098335
142055155
87824872
207732172
45637294
405378173
801571526
979646717
786850826
579790878
519946384
845067030
479706634
159553198
344870335
201637396
270432361
693330561
924057690
143907173
553713237
915881688
625716243
26255555
327966695
258745765
458710861
55212125
914563382
435789734
36908806
500351391
432463766
277647721
583274797
19764895
393705712
617654210
582820126
970091054
724216995
280511602
164642002
919535062
918221773
9442753
339747251
191279615
320636093
979139474
248678132
398332177
699603335
107561360
104953033
845981087
306035571
158696519
709819549
471379969
155918085
803432495
324886704
17301990
87451659
54741781
756003083
545649086
249959876
358234101
441146040
926018440
271315181
228121005
347773416
968220894
137045272
967558373
577143812
488264586
418591354
670356791
320647030
460516080
872490527
318649332
94380044
833767039
296606743
829325090
146535497
841732746
720515406
317237413
476544953
923364000
735009836
281521585
669626971
177492306
198433558
368440731
142542241
866961982
235016188
633132871
69324782
459489630
641940895
104337653
88676571
145095307
668884114
399635146
479454733
396882222
496057126
220114111
671687225
573972237
523446518
595427609
859887124
364297487
25886908
364180120
666254815
872362607
881673593
841286112
251513334
629911799
507182176
297471498
626621768
531476954
238576187
855172649
859600366
490480053
988377252
916828795
297339474
593445433
793428565
537005951
80997879
423645893
985235695
341136944
712094291
760861279
372017425
553380935
975838519
201282808
206064331
727426333
21809821
910726419
900374776
657389014
168725206
537276413
597990740
334187656
28823438
268125094
434044219
323580512
978463413
708995429
787223077
208055702
686729949
229705925
359939654
246947619
70189678
797636165
333141755
677672996
463090809
280157372
747390535
313965317
124484710
919889836
979631934
265031086
271837557
104785564
644296817
223599815
219112503
467990768
233478122
980812731
291058166
35883744
681117994
260771872
314776630
129742102
936243158
386405684
166425940
312942047
441678799
561143819
697059937
468328909
94407827
134589469
198193923
681717289
237682665
737124875
419794694
282359453
820274132
457455704
264199077
655828834
247956041
470680674
266904995
907612303
76598085
453415554
578972235
253938624
383585152
521194732
956456505
857561099
104426074
901172070
75827188
298847632
980276138
110173457
556150137
14133417
124354363
23147992
314948920
147724219
276327600
228093024
39267205
124082646
844162000
730058273
667359734
160444625
246630485
698825821
914430319
125150349
800587282
976364330
750683294
212548899
78478944
716884598
511985124
443032297
2889661
24751693
902585987
77300327
37139750
288752889
167750763
530465277
412542309
278677980
205124548
318937635
94389676
38475371
756115344
443182613
566472934
813134277
78763360
917817219
469292336
106003077
523587949
437172201
606128591
637123312
209266767
573299951
563223513
140510095
298970558
392405219
623701394
14662179
658425694
114040029
68221462
843739456
667448311
695439938
988887058
196791165
185960378
995858394
18567144
2625959
218992217
275832016
270461079
811830573
416478241
223343256
744150810
946998398
4028214
697426664
119154779
100689781
971267110
863712045
742445698
837221690
937343990
563419474
422582231
60343278
385690374
122768953
85696418
581096468
376936167
308430458
447043814
36897609
526045340
796092876
607690111
255634466
501895630
375219957
460289905
461396610
394387179
322256699
757388556
255348234
283237584
953256458
733047812
315691240
675675850
21758758
702858316
727210927
435844724
250796366
143312111
882715258
91441047
936642623
176315711
976666917
499728252
288185640
827267433
913695641
148559005
188966161
44916900
907970518
658641856
799775082
69924787
254382031
812995986
898164387
992343572
551208645
100295979
737691599
935814654
841390816
668783316
991457639
765324640
747503070
647812185
168430479
90097635
150327630
571526134
337606671
290520424
211583283
305157087
647374519
53545467
297433347
891798974
758674347
538040627
251928593
677803472
748914395
73118804
580539745
259095906
358142502
346497858
703251003
597409750
74680344
283984780
806822929
51616332
859900685
171361750
901389680
959081265
483189737
664440598
629573650
803106873
675492246
712625607
773020669
771352136
520091301
384409518
847805413
28537161
393840605
849843790
583771620
903139373
759754824
112435900
230509625
697136707
293425607
648144498
872765182
11291193
61948926
651773949
203744360
654488928
262022877
93508134
771195038
463508655
577497349
63820741
47788036
849024715
273950656
914609737
648445337
159594626
20558633
23142900
973884845
91057793
491405741
227560128
569725752
620902347
176427660
517629483
718143117
482549939
51508397
787338919
985083179
813774147
291554560
882376856
506530261
93845572
13388050
640822040
463207218
91257855
394179856
496078429
246672459
287266934
678056558
489876817
205138520
195430108
701370172
896496968
21042214
655384561
944414307
380797213
465120538
234000835
228366423
243090228
912975062
83902342
87736634
1842841
787517708
759147575
452954252
976368207
422177232
851160625
480612899
387030432
354465382
150619209
600563560
249093329
92063585
859113767
442548552
43318153
790689367
249040077
388429843
620913108
488334125
221530221
980591678
573656468
263443886
164513004
966930910
808259992
835042721
14222786
489866202
91868364
181316000
238223257
694633326
560812284
258956491
129070061
415657185
466824330
498805280
335623463
882564295
828565361
212125003
48879126
270136764
855364559
759962509
374516718
406778735
252007828
932248290
31233590
510088070
825332090
897908893
672718806
194441804
5168461
479021497
948647989
850493794
909487438
643432404
622669998
4611472
186361820
298751885
92598610
493556194
867838806
153733044
982513100
798964762
678911547
165178418
464472636
869489919
172548474
716316491
96014361
236433725
310429818
749236738
849874684
352184854
500376734
679749906
713209824
25983973
180438867
310296805
627350470
795700323
983262541
686198987
946473696
191818091
494997316
371257282
674071723
483317761
676290741
450399168
332929480
877805966
666259478
518671308
250626663
211646919
507183907
585690346
713473613
269547554
670745029
700834482
351887721
45633253
525901036
181451263
648392770
347998470
463987561
427550767
999103842
700812933
965430945
410458927
194591055
42523918
296146132
521890683
509071443
15032201
12530490
100836714
387832654
14270431
895248072
365969267
429311107
792308517
903439408
646351839
270333690
204548025
52959473
885495070
763161971
944974397
474642051
59179287
311399075
707355627
193804211
612624
803402400
509476623
18126223
935224231
547556458
820412429
710585279
775266523
443164536
140842822
543555004
768252791
44887014
376830287
721292348
752254668
10294494
406975381
230380705
582060798
184072545
535202987
780182481
258879429
591587
275123546
397981692
999408693
932372031
287153364
57905303
311850090
567634772
216454923
338441384
966067351
336081544
129348293
333715237
509286704
751224030
500061602
413339241
536221359
567395025
781026810
374982095
477984348
851678674
218081325
985684776
504594434
94248618
253698114
594825731
909061425
347552949
222364535
497155239
985451137
15551399
515761125
458029967
455995484
548120899
846733906
888625199
695314636
913150303
256760710
151547530
192038768
77193443
738518134
616127305
500506407
497025878
209773758
79856562
920710208
471106736
776471471
179927313
209364085
807279896
69027593
801099787
914406094
618232134
577496967
275446060
615872633
335629670
187537286
532177418
536167762
595112051
751899275
286312209
476662528
255872427
558615899
961709788
42201400
263366289
918772460
891709418
111731720
471517382
769965986
212380596
766842581
931603020
666276741
509452
378641901
92960089
262748756
987378019
231572062
415713204
663270643
354416373
402973228
764909148
720751829
838911919
947589168
724502961
156298681
254090196
800566936
44962316
812002679
302606927
734241826
60042666
130473615
36333418
46309675
872285528
791605311
376746902
486493325
918534716
398386563
206514020
943271300
490139816
689150783
396380252
928447286
269348785
184968666
547357243
181637884
217624462
503603702
318708710
617641760
267116968
431053995
220988985
211207202
177531816
18524113
139316378
725422909
838505203
433887008
659146566
280825857
614964798
124996306
35189526
19987924
349493414
765955253
139470388
762504881
106987784
617708724
118254589
881898839
188304126
6076350
753097374
692864931
365986566
607051579
827269059
895085855
535741917
819945938
711438573
238069694
294660826
983649234
433683370
851179855
717546750
252108198
291711205
763651897
23462939
12663269
361266781
238080276
946739416
797062084
392518582
213110314
569336040
681317280
86989942
338828005
451105357
959081492
75014370
800181202
571105048
230252675
506974093
894291627
374616595
927137702
291530734
148232160
652163540
924110681
915800644
6742236
580865857
148880062
85107615
663367149
103292727
278357202
184788422
533534616
761171618
313026020
995962154
377595300
841284689
562794546
24434371
304548796
685427351
169100959
807942886
742157699
314405143
431894353
190173333
945964798
646588812
201554126
510257751
893542209
219483797
223696250
52804667
206272183
395652709
768005882
746714724
634290142
785035891
436993219
87935522
580220584
576819329
394729209
740022336
877040606
597766981
945018498
103610657
594767604
286993027
270960759
377481108
104724078
958910589
911959512
343485502
828749558
810927154
260693429
238019457
534277600
294480747
165101592
629082111
789880322
775897463
397564775
44156373
611748956
177251485
408145096
192043491
820563144
146911327
215549179
381226460
290341963
936032946
696285493
585692320
4033192
448449698
568825848
226258085
893572968
292748474
352925177
596919532
465746014
19209734
224683906
743740197
57930073
668987630
122798650
260387593
860286812
37505896
183832456
765972159
685586797
937300178
994071575
544922737
677923184
61683539
683990808
482223685
762083678
434335088
238682883
45560461
393433601
983767178
115510788
621082595
34398347
304416524
266371275
800690898
552965261
509231560
91928880
403567999
404107198
788465728
5771612
551128885
270982929
92132157
290878334
181042034
840247673
24941801
170255796
59049478
785847552
819550152
360249670
594168594
345374142
810361661
176884951
475705002
656756546
728374833
701651238
152338176
725845523
744090039
737967100
555205205
387388544
576941508
847342861
806990553
184038057
799279409
821330464
520380396
266293219
143757396
605010908
807102062
525424301
365971074
92574392
479516334
884815639
130056435
947205408
950879690
271529098
50680891
840254834
581467362
558240008
984268776
141369293
416636964
829691253
966376427
29359728
637182790
495157926
794156299
762465095
774704478
520525105
388372890
453805260
661112316
138675659
851215070
900147224
540394336
6413579
965505606
515570203
69049342
535166683
137737293
385873531
638525546
553720131
141982819
851044752
559011551
186452194
804535030
840741049
137217603
645012079
204445038
28584330
97384676
131765582
256328844
162085287
612139940
872522927
281950957
998645975
149245306
23610307
788566177
909870534
493457821
57736251
550494989
532527387
657574442
244096337
355628818
921329367
4720134
533269736
595568768
114501788
227593606
534813852
434382180
168164272
124975697
319267938
778408735
170581228
929821973
373348765
141041759
688275614
6552844
452925778
837459231
330743905
133254559
588953291
52587154
306020073
696319875
689022464
131215468
124288487
553984073
83397662
417249537
181729701
522916968
328710349
507568662
686599902
648376776
40897049
471970741
296916926
236342596
963199018
914960638
519253290
228766262
646301877
855422010
252851807
51064107
280350917
120367582
744068420
878916496
712401675
450358889
574763016
297783295
833812475
77979485
744477285
125253905
988867097
193036333
307776721
312732578
623523945
81807820
914641441
970442837
698878532
812672977
80667766
793797751
506372051
42293662
713651588
299824042
146702000
173725188
936224528
367050559
350557878
25437937
793952521
654740790
842911660
753270543
385091837
52264468
712313996
748570475
888352162
572052682
256009608
619115254
348674241
424087367
718163815
909418208
798233202
134897202
213324834
598061502
35387518
780238911
409537530
119364888
861726521
40831768
199675663
388667750
821817571
940967913
984855314
472334353
549928948
932362334
629190624
455742960
746640345
642930487
299911680
383702256
48277316
985839903
250058667
781399324
988850974
183114721
688205896
789473614
55656246
503791571
546820707
653273623
705046596
996837116
159940690
403060682
123301027
238389656
753215467
684098807
777517588
508483243
128284670
750581144
1660629
48786200
922245472
692041369
741038698
232500346
294522476
995863337
232402038
612613031
687647526
862196499
408452235
197963785
414412309
737620235
398858790
305263959
578423596
29960
112265168
117775449
289725586
299322258
288822875
994342334
806186396
618352984
468278952
332155084
461202132
433371224
100170665
457531432
939749551
328341064
285944104
163679150
78230134
143311623
100575509
599389881
937244239
44614180
207491917
66442663
807507096
461070905
52534006
665549162
944508660
874721418
139776824
558946498
637483651
315273446
392779947
799920828
147633486
509171038
133401989
126292232
748429486
76193326
166698030
211032434
280206110
378256623
363262477
700429586
951139562
827711530
984153770
190112001
56187147
83394386
162349757
414292328
964129110
237366867
593758101
334349409
928158017
754333562
447307661
834644440
317150341
120564066
3788598
9450165
362659723
179613397
681490428
544784879
138437493
859514374
856428017
694400083
315888464
495325731
74426425
545717593
327647878
518533769
983987554
681177067
409297559
590961180
295011221
234769372
74306414
400059052
911909794
864075786
242955227
76265825
132145508
764364791
504292559
428672306
347190679
366429322
715815412
287641102
728602292
389907229
753440080
980407210
178782199
844256214
903003075
274604119
55028195
675758461
549416545
154766846
642281519
820709075
220066983
231218780
231725680
863224249
374658213
695731057
586304803
99749411
802729221
779731354
67492655
691931306
515497089
322935931
9588716
587778834
719411889
242968600
588285024
569828275
891765390
360045034
499379408
681182327
557892881
568071912
108163387
381828541
336250380
194454139
87361087
186837641
429023932
501158399
44443411
962770377
101387475
975188886
353156224
68130285
544445498
216108663
470528043
1315249
760493544
351238281
303278359
510045605
164072718
85999086
234249432
623478390
131753206
981198814
218455726
32115104
281848450
954475014
913663580
348219800
817285497
388831503
580659511
338028659
925067544
799074198
846865053
378603752
56438251
451753242
956394839
46432366
411260790
547271710
106123622
229146201
173518182
548087270
44107717
908783406
81501166
252720251
124778916
815404561
596386326
542271370
935578292
438434364
936924982
26956
345099439
824128514
916090703
680308691
158568417
892052152
832209779
177432298
495877320
759787077
324747699
193095883
834517568
765125802
446494466
848893413
230521784
162381110
187032888
705087496
368330222
640912905
297310231
454427201
684825233
686636354
278650543
873993397
364660529
888193643
273834323
835197648
246850558
709775331
357146148
357312190
420534778
533062606
960239247
535893438
456024733
40970997
800061535
319372983
413030572
367612350
341038209
905465977
395938887
241311927
120674192
352000371
872363344
804820243
231468841
709414385
716714488
895672288
115526756
880103597
871383142
12974744
242704493
15707093
206578625
937493919
129959062
876255147
583994048
569228645
194973146
947792065
588685405
370072884
778178402
538124678
96765131
229891085
54879988
130126226
779790861
175387460
749637151
167056483
958469814
90269084
527310542
24834757
317915540
91717575
527332682
240730313
442212654
595112603
306355991
91590639
648782484
423666832
283888019
182055538
692713711
546730158
7649187
33714163
540076277
731885413
38183303
236539859
84020500
67246366
901584233
325616838
946784713
630239934
119268358
94897778
219349453
705385053
717050196
695644
134064457
120163929
442406223
237676255
195087876
327794004
431796488
92110204
408417072
103272095
340364900
404655604
186941618
100883297
73802236
444401758
295743830
847767659
182640643
123996383
21920734
391082144
93157958
183909741
56766930
158841553
252027004
198759933
853650575
589120129
263862902
980390103
355478568
703452419
232548509
678034860
647111634
221158659
477982176
542725146
503684192
584428005
241178772
207154771
866880394
569530091
911511701
251755846
145488380
488013498
574911378
435877246
853784123
976753153
565386632
570978833
382815331
555806959
780795408
48006731
364988544
3321605
444822416
724712175
567106015
253424941
111085337
5633618
619016267
178749618
431734445
695801336
204717670
548074575
419181384
916063837
653690347
802928478
91332510
47567489
789373755
112223128
106539964
55301682
659262480
67373148
310004155
174997132
311480798
349722193
571340567
561934253
873246157
942666231
595536714
842683753
475914987
489345129
250121233
777188909
121788403
188777890
72503312
215629531
75748103
702678427
474905575
266332025
879804970
35819543
939911091
41830442
26555589
935765134
429115655
77048827
7578368
70625569
777226396
729902809
814852710
809488426
556231047
419111576
471557082
47383332
541923752
661538316
944046308
857971971
849024153
468927874
912280686
153016420
339891226
813772107
958137969
465209138
235205410
333836657
804575228
272245772
965642406
900571488
736363039
541462157
208866026
769061470
195033503
722087850
667193306
120594875
163395350
121697329
272825888
75110944
491253044
312522177
96851467
229686947
728807433
57673865
304045672
79308466
270648951
486275773
367005814
808465525
330706430
73846720
950777532
234641088
53419920
287450808
558354422
343605348
560477304
653456541
763904516
80258806
16062848
932526017
273826181
221486486
881636839
602433819
494857505
429352575
377207101
93625733
334797839
691759560
177063197
501335120
255942392
171964169
328310867
822061101
595268590
955956666
612152047
210393416
936741168
653920854
272532559
28621232
742119880
435883562
769962221
780376137
643132556
903423890
828738125
351224338
889850381
431223913
105802245
712983366
760691010
932088453
173375329
276015325
367982057
519661132
101070262
549990139
926011885
473804883
398336667
610495704
515489665
532612720
264373477
556286666
240206587
463704988
837959327
481611196
148623770
177255714
334825657
211953048
521259557
74348265
260025026
842141982
856478442
809322601
636867132
812530429
141387220
624614880
39557582
276122256
830587981
458942325
863072275
574742744
939968657
465012095
540168208
817926750
615595664
428273817
426842347
647933967
770299266
880689140
234360685
398973330
964541503
952424140
858052013
989586469
625427902
463402729
965245717
627701345
630229478
822615737
808132259
832061995
646179158
36810159
765471564
834262235
894006235
656502244
991334296
943031440
754405721
357850119
310281456
585713153
432242707
200057019
720418806
561317889
984957139
985616872
208168640
610337331
133364281
503749428
356299015
263834218
437150537
9164788
586070059
545198837
638153109
387119589
162912765
681064781
923258516
485712593
608376529
616452413
61898132
491513688
698765398
959818734
830693127
202322491
705780255
302483369
300958982
738978595
147702282
410853649
696859837
480023890
79740061
119696434
593461682
437136232
523501988
47826228
828058109
482809839
211308567
497650193
493050593
210457448
23253507
798508397
850657808
570834992
911371367
480536661
56799207
204197725
891067825
517228252
660834903
607720045
5595760
459397681
968798745
826801499
619231986
194731027
195175985
118431635
656215779
493734179
979196861
619891834
916212752
937076140
122979019
719605896
810166807
19489196
989946784
118948355
196857005
717514830
155573804
503265086
741291333
542291696
681625031
463815825
584837429
336272715
899813626
682957130
284840606
219826169
888802011
416913710
218908226
898576828
420815110
819972244
626497599
455778967
348005651
950526553
309223483
219443860
929389046
942003600
840064951
330671479
236435809
305458830
272791657
16668299
728021022
286320048
301547450
519936376
910995488
72047784
223765464
817058256
986665553
626044770
551456983
396547025
440598037
912342806
777673180
725794097
943375054
304470006
251070318
864431511
487273561
678237411
1064471
757717994
626200482
277730028
982456942
594095840
317657541
378494912
319054266
586891890
823882790
942535353
52191008
373594245
234734018
153599932
755420214
72216323
67414659
333969524
2275315
214335160
342963351
760687977
930621248
195162621
539643998
980177592
394728301
255150632
180009707
307122139
919614650
623081898
515980702
599011739
930928711
401050023
712676521
755146947
811951052
495210125
893684961
924350214
435096657
338838630
165595710
94133673
998080078
935988560
36844313
121862653
758447697
233759560
650434699
460552103
12085522
236915150
857651136
785810983
255519819
328469607
621127908
818826025
561860094
121260450
604386269
158638938
355603940
613754971
915135701
836213366
963992580
20955428
544307134
79999725
11708485
226776969
622271740
788325285
422140962
136095807
129995326
775983574
741605627
219075076
631054238
990654526
103816722
314207948
22643931
562728392
954116927
174073703
51874085
976611353
134778582
753373858
947634632
444993287
723975725
419486714
5209463
686139476
617015509
541038045
11956038
401126734
503871550
906933726
375669603
189210647
282296757
787449781
651303489
816255830
870732578
157958893
641608543
716461847
33394976
759409277
335186708
929570549
386939990
608111065
213826856
931755941
772380557
576329930
607901587
856188768
437806297
682044545
194131822
592941594
6138575
213513124
214202604
671503565
272890538
591113266
82931136
812113566
406507100
239828887
666306686
502071274
945224715
963649545
51437677
976210179
84360920
15038702
311779345
45598883
889307351
225117761
499134245
792731666
241159372
607609432
159448917
555660079
215714508
489852020
781842947
16148108
767033562
546241739
340338564
619182943
303524331
32064990
543884659
926075962
401057970
676464029
843767265
309640926
160492952
108730673
494840094
42038779
641921074
914854606
752799304
831062046
116761508
376833243
160383538
596716125
919104053
475640375
193169990
825334379
838647188
883516198
858161096
219805981
126320220
974182414
167685353
312901891
200956148
630594458
972402871
61116019
217355079
570097201
591540510
130837305
909079998
538796154
863230049
759964882
800734125
488185065
310377083
800910147
861482119
376026244
193608801
615730909
153844111
56737091
203097615
621038012
92342663
90894920
517318673
338955843
185729331
458597975
212824090
953145854
345776344
170094820
701870778
170963490
386168563
518280741
549666741
11401522
940727860
920837584
661645602
927539312
704251571
662093744
263562004
810101411
516050421
389536244
713208
131790849
180232328
47295621
814448040
271876516
974792832
204639426
546462335
982415406
563535211
391249048
990683004
388609825
597716345
514934035
946505066
408743843
231530643
452760180
659190798
941981785
65207291
505959966
18904568
329036941
546974001
219152223
82480392
21097578
117307063
311013343
676487325
957623150
99768520
37465662
2686968
467386635
171387899
710316621
837806828
116477827
772382629
326653959
384735777
110599885
766846197
962891266
41515707
255607647
486309789
530625001
477758372
582439760
149289175
653707402
462063704
726702795
421408090
610517735
500596746
707329149
375938838
635910022
119018303
12061341
97668855
405629073
857129363
620108921
210777748
996348830
205289986
121027210
757231158
389217472
696316427
414247434
587433925
458442674
448436988
959269170
599365953
14989357
948479477
2934549
370653454
79844077
438045695
730415277
358348797
151139380
407247796
969006776
726120906
643894239
766665915
338609783
152088820
882384588
249664896
327780234
791714067
445497640
211342407
991095889
28659592
317026886
821317102
376738917
255259720
871529166
755379998
222798528
523914591
709644705
286780252
663056918
803700887
994589199
265838283
927146133
620363220
173050498
394075449
707644908
158169436
997242859
362305747
951927376
207590296
965350279
310565001
246703113
610851419
199370514
878280227
833068185
296719663
642568275
50163143
8033042
267408645
389419415
124288323
775088860
399987686
463648943
140129470
676827609
976930292
520245388
720314516
70805957
357147103
442842377
53407168
731785316
134132352
181909706
961184398
967057315
422654221
194042317
29504134
242030356
646197739
100202961
815491179
815005617
22950967
48427894
629443089
406052613
964674711
478648320
428666007
919641132
794946884
227271881
151615992
464743103
373641280
218526123
419567763
790782456
21940631
788092989
279005924
856037803
221116709
851709173
770514147
676109967
742530363
919857069
899797318
525321970
926282456
487732089
393543772
173443305
273612659
208448491
273593321
974332109
656994697
175813919
399532030
475703533
927729932
301374558
601447400
472693826
446763296
10673510
541524531
123926892
17368064
525028324
422286777
1788560
145418806
343048740
9012096
219893913
287246284
569631141
394097072
625655903
977681039
122060209
8617898
422060895
280659586
706004597
633072266
503962975
46206726
424027634
898007381
460064511
953948851
198658075
148216995
760125117
153128950
521335810
37021181
266215214
545216792
777337972
308399797
32833787
954828639
456565019
48823381
559451432
118576993
252108799
944240623
606672988
29755492
276275696
248637370
200830767
392220991
149987853
379262762
244564096
48326058
278190607
424243401
527126539
770087894
567467216
304028710
575113647
13281396
777787247
703483304
74165524
310560395
770783143
311168597
972901691
130851653
869375055
295608593
26711188
595272066
714352623
694596466
900072463
704455585
96478348
139679378
176115508
397548829
112828124
782068271
398790695
404087750
643073393
335226838
456189138
172884039
301412204
105325540
907994299
749506921
497565083
342152520
404044964
522941781
695163249
460345465
179047896
554229013
473573557
102699508
38827980
945808961
636175341
31419457
778288399
38423605
672936307
258433408
227045890
187819616
434961095
23106369
816044482
429412033
192975170
993456517
575087048
314816051
599677471
799946559
143395087
188796324
676258000
630843993
605063737
6480816
771674297
588194737
293232215
294746142
331609134
177546183
225179967
470040951
241975682
122072513
187247517
965793632
483879817
867553187
148147117
214578439
228927902
286494509
30802047
655695719
108330302
173142534
225836584
543726336
433237522
9851694
41856440
990321027
31103612
369844925
759665023
203647304
239913267
937862920
188287649
15059742
760405768
188743677
858963917
861544768
347378621
803273270
779243686
836137004
805005363
527923452
481174473
359204324
851337602
655174591
485893054
393212344
555211342
981901836
380311764
903668539
993937572
333319478
398890599
409619069
75793402
664397969
810018919
793426212
42196101
45345838
739168267
298975852
974353522
67880894
46880930
137559151
162188960
472379097
542133944
183976171
664475218
166380049
937516602
706096206
83852511
571376725
287135000
38589603
705688859
239014533
246992736
170014283
282530174
203411015
832673918
671124477
471901488
885985990
236947811
787078815
137209358
770205979
841959431
647199945
30848810
614757008
925612310
5127680
755327120
373868319
486646617
414041445
5878068
995452567
470341242
948297436
107094959
276449438
607288010
152993653
438771060
16960526
82644882
391464075
100152713
839120447
382818312
274009665
344163471
841344836
658677360
86005155
61271925
74524549
888978443
48046385
775474235
192768034
270138242
843979865
156401603
463388594
603145616
126316473
597776218
377650571
284282058
871313930
134872490
692878453
520078449
877236827
197753119
562431214
255417447
428910116
916961321
913950582
255512342
453214286
255615931
494832043
656052372
564035785
581646188
87337308
250565614
866434890
729614954
202561722
447486581
379096151
169067298
124128369
962485711
638473347
878420673
159121643
243295386
660409251
484873478
483852784
1189025
826118730
684155216
461415198
17709500
205271476
446651502
403294512
124544315
75919099
726081650
197103675
114301658
15372979
376930086
722646428
466981219
972742967
769019717
120305640
120314802
1956843
960731891
244449447
723944115
624369924
389891271
45630248
336743052
891719851
712405368
627092033
552570416
266818117
265365822
750230165
483109128
687912728
957881504
336408481
111013551
574129122
609574180
333585682
248614569
38798198
874150665
865222789
162731389
268251143
136315963
198171864
915952412
608906639
970998931
668297236
826486204
403952450
849403831
806717249
680174080
979653849
538757626
455584492
276658511
700246625
720770900
884980459
33271150
878611534
393202500
478901501
130154806
665682911
967864144
894695586
437996408
884830081
365272259
394430062
300700832
630370875
559288149
924268677
500182575
369990673
265164322
188665791
577658795
366528237
420306851
795011755
200759640
34780622
522626461
27580435
442940218
556776274
52842972
521298062
40311368
798978072
106409031
111731505
804384541
673805375
11670593
835799839
57584116
663859773
80804598
363438214
713762101
990703127
425496671
279446110
714689636
37331171
519985724
660992993
951507030
98544683
966455767
256400037
70079598
136811149
86833706
208087183
371243553
199211666
130949775
331986466
678797265
35197149
890327352
835497896
199939566
219859185
891504544
654395516
690556674
235649529
649878603
326296729
344986130
84809043
23793358
199057874
812541695
879382294
869160386
262549063
273617750
466321801
765037075
648579530
202979656
716637104
547425377
62166220
336900198
329753739
403311879
114208383
341673181
678123173
118164747
407341472
427388791
166497002
241655092
771499085
770036943
541592924
150347014
92191447
281835882
987079965
406286433
460800428
751989737
399020482
1120413
697739002
297484492
580442796
17043630
965349636
853629085
156944500
197451065
374379436
180948540
869024967
92470473
578583434
746241201
45585056
389153573
918283991
837742903
271917148
93778890
284936636
760609818
797363206
232223144
201720552
259515326
351548138
640197748
78131577
339744803
792540456
716615834
997836388
416190884
841627368
322014830
908810041
176719008
259209943
62600835
544932893
487801192
681578274
300397943
526503309
243512260
181918931
312301237
704415901
